325 207
269 365
270 214
190 219
232 217
169 279
205 200
220 312
266 313
207 352
313 200
311 321
267 315
227 225
202 210
283 228
292 225
187 206
200 220
235 314
209 223
247 369
285 213
182 318
218 227
230 262
269 287
224 278
283 206
337 244
165 259
298 201
299 211
209 221
243 309
264 323
257 309
282 223
251 317
251 325
339 223
291 225
238 220
237 288
309 223
218 222
283 311
174 299
236 315
219 207
266 219
232 310
253 282
274 318
274 227
270 310
163 238
275 262
251 315
189 196
301 227
313 209
239 323
286 353
250 311
208 227
328 284
292 229
216 214
253 294
229 318
321 303
282 277
300 337
163 217
198 224
209 223
224 365
174 202
334 264
194 336
300 223
291 223
0 0
0 250
0 499
499 0
499 250
499 499
250 0
250 499
