333 184
274 376
266 187
174 199
217 191
153 273
188 175
208 303
263 301
198 359
318 173
331 322
262 302
213 204
186 186
284 204
294 200
171 183
183 196
226 302
193 201
245 381
283 186
170 319
203 206
224 243
260 267
218 259
282 177
361 224
149 249
299 173
300 184
193 196
235 295
258 308
252 295
282 195
244 302
244 310
362 198
294 198
232 205
230 267
315 198
204 198
282 301
160 297
226 303
203 181
260 205
222 298
243 258
270 306
274 203
267 297
146 225
266 243
244 302
172 173
305 203
317 183
231 309
296 361
244 297
192 206
352 275
294 205
201 189
245 272
219 307
344 300
273 258
315 343
145 200
182 204
194 200
218 375
158 180
357 250
183 340
304 194
293 193
0 0
0 250
0 499
499 0
499 250
499 499
250 0
250 499
