(67.905915915915912, 79.364012012012012, 89.014846846846851)
(42.403549418232963, 53.691405191152029, 71.834926479989775)
(128.97654362416108, 142.05408053691275, 142.80947651006713)
(97.914440579710146, 112.16264927536231, 120.64870724637682)
(85.304091165751245, 113.57871130845439, 152.27334325753299)
(84.995109333333332, 103.356224, 133.06653866666667)
(142.09119355366491, 141.91247409467715, 136.87519088132635)
(75.222997333333339, 99.757450666666671, 148.40976000000001)
(148.46879999999999, 157.15337777777779, 167.11188148148148)
(109.23337449791458, 126.33464474488414, 172.40003907349222)
(99.416368000000006, 127.063456, 138.99744533333333)
(46.802702083333337, 60.772652083333334, 91.923914583333328)
(79.009280000000004, 86.382239999999996, 103.471536)
(94.605512931034482, 121.45008620689656, 138.59825862068965)
(78.750159999999994, 68.445386666666664, 66.730720000000005)
(75.492427709590174, 75.462294570418138, 93.518629082587893)
(130.51146391586411, 149.91347866381915, 140.32851674255551)
(80.493247999999994, 87.705023999999995, 85.295402666666661)
(141.08810541310541, 156.99828268439379, 172.42471509971509)
(171.76578978978978, 174.12959159159161, 174.39168168168169)
(112.29838588588589, 122.69948698698698, 133.61098598598599)
(17.277351190476189, 78.789339285714291, 177.64341666666667)
(50.71930930930931, 118.2401081081081, 62.781423423423426)
(69.628912778904663, 65.659395537525356, 84.218288032454367)
(113.54168055555556, 131.3201736111111, 143.58065277777777)
(90.035904000000002, 90.906085333333337, 89.311594666666664)
(149.58687420280611, 141.61751966411563, 154.06343670280611)
(102.09290372215709, 130.86049054806566, 135.13837558616646)
(70.128251953125002, 94.055517578125006, 81.920794270833326)
(59.397813813813812, 68.859177177177173, 78.592414414414421)
(100.08666666666667, 111.49063663663664, 103.15825225225225)
(119.89696096096097, 133.63094894894894, 155.11036036036037)
(94.044939890710381, 96.822819672131146, 100.23649726775956)
(112.49846400252061, 134.2404951950848, 147.05890615974374)
(132.9432361179766, 150.86425158298613, 176.50821505072616)
(78.753978666666669, 83.900368, 86.570933333333329)
(146.56192838874679, 151.91491048593349, 161.45677749360613)
(87.503584000000004, 108.92177066666666, 130.55542399999999)
(61.604549333333331, 71.163610666666671, 90.040069333333335)
(93.260400000000004, 108.61529696969697, 118.2035191919192)
(120.42384496124031, 164.35186821705426, 187.17029457364342)
(103.30911999999999, 113.55069333333333, 119.74750400000001)
(71.039882666666671, 84.455631999999994, 134.46266133333333)
(102.13360237388724, 109.46920474777448, 99.541697329376859)
(100.34083733333334, 162.278784, 131.660032)
(106.45296, 123.72615, 140.61862500000001)
(127.8034287094048, 153.37593866956416, 179.54742243148618)
(135.47795199999999, 135.38297066666667, 133.71259733333332)
(125.10695466666667, 151.18929066666666, 181.57442666666665)
(66.109222204506807, 76.912614264455783, 89.787879995748298)
(129.59871466666667, 136.826176, 148.93389333333334)
(104.89500900900902, 123.98537537537537, 152.59645045045045)
(92.155236000000002, 149.09263999999999, 118.957436)
(81.776875000000004, 118.63746093749999, 129.29057291666666)
(37.550594594594592, 142.72678678678679, 54.58703303303303)
(125.38641295770202, 117.69600299873737, 119.31332859848484)
(81.900053333333332, 94.671166666666664, 118.96579666666666)
(153.62622383252818, 170.00661835748792, 180.73223027375201)
(100.56817417417417, 94.226312312312317, 90.617063063063057)
(156.0287731092437, 156.4063361344538, 195.22813445378151)
(126.18095238095238, 125.82119454619455, 137.11515059015059)
(128.73059733333332, 126.02812266666666, 158.19241066666666)
(111.57740252608457, 135.05207303679296, 171.9495030203185)
(143.93294308943089, 144.35894308943088, 142.47772357723576)
(84.989109333333332, 88.195882666666662, 91.183002666666667)
(109.43214831460674, 106.25682696629214, 125.54216179775281)
(55.814624000000002, 83.217765333333332, 109.50810666666666)
(81.469921104536496, 94.163570019723863, 128.55230769230769)
(96.851477333333335, 115.33541333333334, 117.52208533333334)
(79.329537537537533, 143.68443243243243, 124.70781381381381)
(92.932458666666662, 105.03086933333333, 131.96899733333333)
(76.974474666666666, 72.153829333333334, 81.143872000000002)
(20.351105105105106, 44.071237237237234, 69.59433633633634)
(130.28085877862594, 147.96139312977098, 166.81064885496184)
(90.082454937304078, 109.16673197492163, 128.2247550940439)
(76.845200000000006, 98.669925333333339, 125.45229866666666)
(109.90296943231441, 114.18240174672489, 126.40694323144105)
(37.612112000000003, 38.664314666666669, 46.815823999999999)
(111.408, 104.12983466666667, 113.26820266666667)
(102.52870870870871, 114.31830630630631, 146.57148348348349)
(59.066155999999999, 101.363264, 153.364912)
(103.38868909241259, 116.35293245752266, 135.02973413633313)
(121.52839073867239, 134.47903522806169, 164.75919944456183)
(47.981706666666668, 73.372399999999999, 106.06502933333333)
(121.64845645645646, 119.55590390390391, 134.25449249249249)
(104.91313232955675, 146.08387994434506, 176.01205649970186)
(106.06270270270271, 105.26494894894896, 101.53359759759759)
(37.894522522522522, 58.312294294294297, 83.547387387387388)
(68.390685236768803, 92.565108635097488, 134.1681782729805)
(100.54991466666667, 96.804192, 87.326223999999996)
(76.676820083682003, 92.169150627615068, 112.4986150627615)
(102.23983333333334, 105.52671428571429, 106.77020238095238)
(142.90265625000001, 149.26434895833333, 141.44243164062499)
(81.216912912912917, 73.03091291291291, 117.47138138138138)
(54.085393393393396, 127.64648648648648, 197.40292492492492)
(116.30282133333333, 151.16129599999999, 146.84372266666668)
(74.178096866096865, 84.369105413105416, 107.39312250712251)
(94.308698666666672, 139.17852266666668, 104.99306666666666)
(131.85393066666666, 126.81815466666667, 159.53247999999999)
(87.115994805194802, 120.11131428571429, 135.58705454545455)
(87.103807407407402, 84.177688888888895, 89.920064197530863)
(95.489332778658849, 106.09300421812925, 109.01614913735102)
(46.460389333333332, 50.404671999999998, 157.08676266666666)
(108.63180800000001, 112.1708, 109.10060799999999)
(82.527819819819825, 87.885483483483483, 96.541369369369363)
(35.368958083832332, 61.866353293413177, 96.921676646706587)
(59.162067476921031, 72.300823537225213, 121.61265524340838)
(88.334012847965738, 111.44187580299786, 134.56101498929337)
(87.910841423948213, 86.896136731391579, 102.31446197411003)
(107.69605333333334, 120.06397866666667, 129.24169066666667)
(108.82719760479041, 97.771347305389227, 121.31758083832335)
(119.63587733333334, 128.66607466666667, 137.21951466666667)
(105.38840533333334, 134.40952533333333, 144.43464)
(108.79386904761905, 108.23183673469387, 116.34829081632653)
(114.55958288770053, 123.4225614973262, 145.37792513368984)
(25.15842042042042, 36.087753753753752, 63.302678678678681)
(102.92242666666667, 135.56031999999999, 145.58718933333333)
(126.7788987654321, 130.27266172839506, 175.67756543209876)
(70.663200000000003, 82.416277333333326, 99.695626666666669)
(94.711220159151196, 91.61073740053051, 94.390164456233421)
(114.53748042704626, 100.34095373665481, 92.168754448398573)
(49.830526946107781, 113.53098203592815, 93.243203592814368)
(78.177796296296293, 89.49411111111111, 91.423638888888888)
(78.789331360946747, 102.00090532544378, 105.76839053254437)
(82.830577777777776, 82.508014814814814, 93.394874074074067)
(53.985045045045048, 61.464324324324323, 67.112390390390388)
(63.681659574468085, 72.617957446808504, 76.451978723404252)
(119.0688, 122.05699199999999, 129.58912533333333)
(77.781984126984128, 78.017248677248674, 95.05846560846561)
(108.09581333333334, 108.64115733333334, 117.37977066666667)
(127.34769769222356, 142.01439040015001, 141.66159903751503)
(92.351578666666668, 118.111648, 134.16344533333333)
(64.642954666666668, 83.565221333333326, 131.50610666666665)
(121.07463235294118, 92.663651960784307, 116.92979411764706)
(88.340106666666671, 116.05186133333333, 140.99291199999999)
(87.68246933333333, 99.657088000000002, 104.872848)
(75.991294475655437, 102.21620786516854, 131.03207631086141)
(25.473530120481929, 35.853819277108435, 57.475975903614454)
(163.7759679665738, 158.22509052924792, 170.12264623955431)
(46.913344925016304, 95.562768963268852, 129.31110628124321)
(125.38264022662889, 126.26600566572237, 129.14663456090651)
(88.685512048192777, 124.41700602409638, 130.62752409638554)
(94.628574539120336, 99.358569821454495, 106.23478552765278)
(79.615733333333338, 105.38231466666667, 125.98298133333333)
(89.293760000000006, 93.01276266666666, 103.45532799999999)
(114.70827733333333, 120.44954133333333, 125.600944)
(33.180413793103448, 65.241874608150468, 87.78616300940439)
(177.66267199999999, 130.58995200000001, 43.262085333333332)
(123.91445866666666, 131.98428799999999, 138.55077866666667)
(94.59513063072346, 134.65301621978114, 155.59548099448349)
(123.71718976777939, 136.57131712626995, 144.15207728592162)
(82.708134490238606, 136.98477657266812, 114.85608242950109)
(101.151856, 141.13833600000001, 140.989408)
(124.43946886446886, 128.40544871794873, 147.60785256410256)
(86.402782302443313, 102.44916574950473, 127.38843495487563)
(125.42628615601167, 145.71848211092265, 113.66014791226795)
(119.20140599581687, 123.81389728096677, 145.38717174064607)
(73.524107901444353, 78.151423109600685, 84.914613423959224)
(135.66537434895832, 135.08853515625, 134.70316406250001)
(86.370187172366201, 100.05406471332556, 111.04351469935747)
(104.71342403628118, 155.00367346938776, 152.93913832199547)
(111.35943546551331, 118.87853283333533, 124.33044197107839)
(134.59333333333333, 139.21967637540453, 140.23572815533981)
(77.497383872651355, 110.29049451983299, 96.241789535490611)
(64.173783482142852, 100.45575892857143, 94.999356398809525)
(78.457209572233893, 89.315532773295018, 107.62639549021775)
(95.849778645833339, 110.53365885416666, 124.61447916666667)
(126.16901629072682, 155.65526315789472, 145.94426691729322)
(136.76455999999999, 135.66095999999999, 134.98504)
(125.91715985130112, 128.67985130111524, 146.4519405204461)
(129.3082725947522, 131.10753462099126, 129.13483965014578)
(108.16278121697115, 105.5360863656953, 107.21627661180734)
(73.085230195473244, 76.486239711934161, 73.397167566872426)
(91.139567033354908, 132.10127066298017, 112.53229601741279)
(123.35626632013829, 113.13974329112062, 104.22744602861312)
(119.33335748792271, 128.31415458937198, 150.11601449275364)
(100.78283944954129, 110.52188073394495, 118.50245412844036)
(80.857604060913701, 81.816467005076149, 84.499187817258886)
(146.28269447300141, 148.07758359034611, 169.41109316101239)
(97.656386713475555, 139.27215770996489, 110.21339454496355)
(76.221303703703697, 85.964414814814816, 107.96115555555555)
(90.766734926052337, 117.22580204778157, 109.05868790291998)
(71.380260440053888, 83.632240682532554, 80.546247567729381)
(45.607666666666667, 43.437666666666665, 59.016066666666667)
(91.72544533333334, 105.17122133333334, 117.25561066666667)
(93.783010393466967, 116.77878247958427, 138.06924276169266)
(155.12356800000001, 111.45264533333334, 114.44829333333334)
(122.4321350931677, 159.76611801242237, 151.22635869565218)
(109.52397824397825, 107.99216783216784, 127.34579642579642)
(68.280950520833329, 114.91396484374999, 85.564003906249994)
(127.43403508771929, 148.02773182957392, 149.77744360902255)
(91.417841666666661, 74.748549999999994, 84.386312500000003)
(121.82855925925926, 140.86540740740742, 156.98137777777777)
(87.921439253980822, 103.26188088325856, 121.75186064924782)
(63.48836036036036, 130.59252852852853, 100.72114114114115)
(97.297839506172835, 95.10024691358025, 81.400308641975315)
(122.83277539341917, 140.3506294706724, 136.29693848354793)
(138.77604444444444, 135.81977777777777, 133.33051851851852)
(127.22957076149426, 168.3959979645594, 153.85198156130269)
(140.82138216845877, 153.17106294802866, 119.08839045698925)
(125.05720098563694, 152.03284375709237, 125.27359530525565)
(147.73319268635726, 150.5732911392405, 152.91729957805907)
(114.31065656565657, 108.83414141414141, 122.5329292929293)
(100.01499991268969, 110.55995599559957, 122.79072589798662)
(68.014201090580983, 74.250919932525207, 75.23861755129262)
(104.41431301762583, 127.65891010666972, 148.77854190829345)
(92.102482758620695, 120.05889655172413, 110.83670114942528)
(96.976517881070777, 111.00649137956704, 116.23507131584432)
(109.82363123993559, 112.59424315619968, 128.35889694041867)
(98.94074576271187, 127.94651694915254, 119.54379661016949)
(69.45924050632911, 68.668565400843889, 93.320700421940927)
(109.20178624322271, 132.20071733055158, 105.96782315290602)
(112.12039583333333, 115.58385416666667, 114.66651666666667)
(136.49319196428573, 144.56847098214286, 144.84643973214287)
(72.998658854166663, 83.090625000000003, 99.659960937500003)
(145.24600947867299, 159.18765876777252, 171.68904265402844)
(72.872530425161997, 77.203413940256041, 83.047099731310254)
(89.889313984168865, 92.554675131926118, 100.26015831134565)
(153.34494507174526, 156.0946556882958, 171.58453272763012)
(73.286299999999997, 82.428700000000006, 89.097866666666661)
(88.689919239904995, 91.889567695962, 104.36012826603326)
(90.650352635486271, 114.3163140311804, 114.50458426132145)
(137.01456250000001, 145.45992083333334, 147.07637500000001)
(85.758348208454876, 88.338760938656449, 85.852601332230392)
(144.0541103573527, 131.55419048127771, 143.19560920890979)
(91.777653890824624, 115.4156794425087, 112.62640340689121)
(81.800486265775803, 116.72835560504825, 111.73455827765405)
(132.71869466145833, 136.25878255208335, 148.690068359375)
(119.72431390977444, 126.3481484962406, 133.01893796992482)
(147.67443451688976, 147.24102036071346, 152.52146676852558)
(104.20067707023873, 140.8730405598985, 97.142553104407966)
(73.923382919062789, 73.780400171094527, 79.087828525260207)
(127.41129293822792, 141.00893409995578, 131.09825544252789)
(97.389229166666667, 125.42568055555556, 124.44112847222222)
(161.90552287062067, 135.28786593876433, 137.59576685924276)
(147.58430265386787, 147.34334872288835, 152.70556349021822)
(105.70771260306243, 108.03488339222615, 129.13701766784453)
(73.214599400556324, 119.91070876668415, 91.871263359903395)
(139.77097689075632, 141.03670168067228, 149.5660924369748)
(62.548351934523808, 97.225044642857142, 96.588991815476192)
(105.773025, 106.26247499999999, 105.26415)
(68.354480326651824, 94.64338158871567, 102.54992204899777)
(61.194946558683895, 82.828638706237783, 105.078505420295)
(148.0100543478261, 127.32755887681159, 142.33109148550724)
(91.517847965738753, 110.36771591720201, 123.84900428265524)
(86.088085115708282, 123.27343969144459, 120.43020248948106)
(99.36282352941177, 104.02333333333333, 106.22407843137255)
(114.34237696600711, 152.44949264332826, 133.93279426686962)
(83.238080808080809, 89.850757575757569, 95.12065656565656)
(127.64361861861862, 140.96959459459458, 144.17338588588589)
(130.32543243243242, 119.03313513513514, 109.65843243243243)
(126.48366256888512, 128.59442136498515, 141.65760067825349)
(168.21992695241164, 144.99205070362015, 129.32105489311419)
(104.44857038123168, 143.4983064516129, 147.59181085043988)
(76.32270287141074, 90.871577195172705, 93.144486059092799)
(101.28978610129161, 100.30230275640312, 119.21586736397018)
(97.242115621156216, 111.99853628536286, 107.58554735547355)
(69.166288047512992, 86.865352635486261, 90.154458054936896)
(97.358212427303343, 124.34893174165902, 115.86945821854913)
(84.563929332927202, 107.71385318306427, 95.520858970453858)
(122.1558653448988, 128.38191243287898, 136.22033457249071)
(127.96297814207651, 120.75360655737705, 129.19516393442623)
(133.27096188747731, 134.91615245009075, 138.10856019358741)
(136.37641723356009, 136.18138321995465, 144.54791383219955)
(134.49335231207201, 118.75666692313611, 128.7143956297607)
(87.343645833333326, 122.76069444444444, 103.14821180555556)
(111.78716257269335, 117.51994618522697, 128.88053120388855)
(78.803424000000007, 91.793802666666664, 105.59698666666667)
(116.77615421102561, 126.0858938547486, 133.26419047117108)
(192.0671949868115, 184.47878915578031, 175.87853709166393)
(104.06886861072539, 103.37009852542485, 124.56042947827812)
(95.401375057103706, 93.348972133394241, 116.20211968935587)
(70.396937639198214, 92.319703043801042, 97.206848552338528)
(66.949509116409544, 100.59578723183212, 121.83341125136357)
(98.811607732201793, 146.08543140028289, 117.32333804809052)
(127.90954703832753, 131.32565455450472, 133.53090094574415)
(95.045098522167493, 95.81046798029557, 90.343072660098528)
(60.77984810126582, 70.901333333333326, 86.045316455696209)
(165.31557241513471, 165.31557241513471, 165.31557241513471)
(128.57123233908948, 143.14913657770802, 142.44350470957613)
(113.95162962962964, 132.30425641025641, 142.23250712250712)
(131.44919999999999, 133.874675, 149.853375)
(77.741050000000001, 91.143799999999999, 98.540949999999995)
(138.55313448433037, 151.60727507198362, 160.44126246511991)
(106.73107624360762, 106.71204556020456, 96.443630869363091)
(118.86340468909276, 115.53326242077738, 118.36721623897532)
(105.4957532971207, 122.32705038354553, 96.314861460957175)
(151.64248484848486, 147.47125757575756, 139.2704393939394)
(95.086466666666666, 97.919366666666662, 101.39409999999999)
(105.27778254011795, 100.02809971197367, 99.210464956796045)
(77.089888888888893, 88.104985185185186, 95.926844444444441)
(83.506416666666667, 114.35980555555555, 110.26797222222223)
(136.36209950248755, 157.47621890547265, 149.87603980099502)
(130.77250314465408, 133.16315408805031, 126.72398742138365)
(43.90992, 75.270064000000005, 112.155264)
(68.461168707865966, 87.387320550193465, 100.54370965510331)
(173.01151420817368, 183.32900303320562, 180.84059706257983)
(85.173051725213696, 93.576641500800733, 108.16189347143363)
(85.645139973958337, 85.324215494791673, 85.662177734375007)
(96.753779761904767, 93.871815476190477, 113.82928571428572)
(118.62866666666666, 128.10650000000001, 109.73820000000001)
(57.346330666666667, 87.150655999999998, 68.003738666666663)
(132.80447466666666, 139.81221866666667, 143.58802133333333)
(120.56989066442388, 160.11806840482197, 150.33740538267452)
(140.2795460704607, 131.19572493224933, 140.87503387533874)
(88.480883444691912, 109.40338158871566, 111.40351893095769)
(89.870617816091951, 123.67307471264368, 100.75788793103449)
(99.402389140271495, 112.22047963800905, 133.08107692307692)
(93.168151300236403, 105.60339479905437, 112.84406619385342)
(127.5231884057971, 137.83192431561997, 138.87598631239936)
(127.45152777777778, 136.71395833333332, 165.75986111111112)
(87.827752675386449, 112.6737455410226, 122.71605231866825)
(112.39445000000001, 133.89538541666667, 151.1276)
(56.240774342891278, 55.932385005973714, 78.511981033452813)
(88.903972257250942, 114.76532156368222, 106.66343001261033)
(133.6996, 126.1275111111111, 125.75946666666667)
(95.274933333333337, 124.062144, 149.01836266666666)
(99.28968888888889, 143.67460740740742, 120.67786666666667)
(116.12916286149162, 99.501509893455093, 102.39285235920852)
(139.27733398676796, 152.7071306052438, 162.96586130850281)
(76.142962138084627, 95.271295471417972, 93.257275426874543)
(69.967179304374397, 74.360480215918926, 80.470769465804352)
(55.06152561247216, 57.147397921306606, 72.132197475872303)
(110.60464785651793, 119.36920384951881, 122.01162510936133)
(85.993569958847743, 101.22227937814358, 111.63314471879286)
(103.5813612565445, 112.53675392670156, 128.61908376963351)
(114.63834532374101, 119.21867420349434, 96.767995889003089)
(59.387706611570245, 77.371508264462804, 118.17196280991736)
(107.07272446139574, 128.28881043191424, 118.67315225234512)
(148.36235362997658, 154.13939305230289, 166.76987217017955)
(105.40529126213592, 102.25877022653722, 100.98061488673139)
(155.14994999999999, 154.20156249999999, 173.1006375)
(112.4195194821362, 133.95479584215113, 123.58346819370098)
(89.837046099290774, 100.79243617021277, 108.69358510638298)
(81.665491452991446, 89.9852207977208, 96.931339031339036)
(94.214142394822005, 129.50770226537216, 149.10257551240562)
(109.48015461691284, 104.45123952664767, 110.29141832944632)
(108.534688, 112.28848000000001, 109.42785066666667)
(96.240927999999997, 105.69472533333334, 112.65474666666667)
(140.31664000000001, 144.31996266666667, 145.26933866666667)
(87.81705066666666, 96.309989333333334, 104.30504533333334)
(126.424032, 128.24082133333334, 129.81977066666667)
(133.62662275449102, 136.94131137724551, 142.27835329341318)
(99.854250666666672, 112.31669333333333, 124.08454933333333)
(76.109029333333339, 81.456890666666666, 85.788010666666665)
(78.380948948948955, 100.93983183183184, 125.718)
(136.12506666666667, 143.06377066666667, 153.85157866666665)
(169.02724940617577, 171.58571021377674, 174.25176722090262)
(128.56071466666666, 130.71024533333335, 132.00910933333333)
(107.43696533333333, 106.73646933333333, 109.526)
(113.91491525423729, 116.41385310734464, 116.16290395480226)
(106.48794133333334, 111.17446933333333, 108.58677333333333)
(153.93678484107579, 162.11548441320292, 182.13985177261614)
(146.24130120481928, 158.1192530120482, 158.22937951807228)
(86.205969969969971, 91.707273273273273, 100.88607807807807)
(72.193053398058254, 87.288509708737863, 97.461135922330101)
(76.749328000000006, 109.783248, 111.38765866666667)
(73.006456456456462, 83.479957957957964, 107.01072672672673)
(73.632366366366369, 86.630354354354353, 104.74112912912913)
(55.401248000000002, 70.538922666666664, 95.565701333333337)
(120.05784431137725, 120.80910179640719, 117.21426347305389)
(61.989657754010693, 69.020213903743311, 69.453566844919791)
(130.30328703703702, 131.14103009259259, 126.26879050925926)
(72.482915662650598, 79.27168072289156, 84.096849397590361)
(114.276848, 105.275936, 100.396176)
(107.39006606606607, 100.4602942942943, 106.73031831831833)
(123.57154956844398, 148.13620230700977, 178.43813019278858)
(65.983685333333327, 132.208336, 111.51991466666666)
(136.2746203208556, 134.0113101604278, 143.25271122994653)
(138.45940266666668, 141.62791466666667, 141.82872533333332)
(103.30755208333333, 107.312203125, 110.64202604166667)
(110.99943876101165, 139.33283603296391, 114.40681301506109)
(54.342612612612612, 92.599009009009009, 108.78363963963965)
(89.746570570570569, 104.26377777777778, 113.9416996996997)
(108.42349866666666, 115.82162133333334, 116.57434133333334)
(45.960340527577941, 69.892964028776973, 121.294896882494)
(60.185552000000001, 59.058368000000002, 81.568314666666666)
(71.149776000000003, 123.97208533333334, 105.64072533333334)
(128.46596987951807, 138.11085542168675, 141.42905421686746)
(78.543710059171602, 98.570076923076925, 122.5443550295858)
(129.04580266666667, 135.97602666666666, 140.69533333333334)
(83.546166666666664, 93.321392857142854, 98.646178571428578)
(192.13545169712793, 187.58900261096605, 210.66985900783291)
(64.868319999999997, 91.800560000000004, 117.69018666666666)
(136.19405405405405, 143.72446246246247, 153.91533333333334)
(91.40316266666666, 89.183487999999997, 95.112581333333338)
(67.579248000000007, 83.595200000000006, 92.969967999999994)
(122.39820895522388, 126.0208119402985, 112.71352835820896)
(83.647813333333332, 113.01022399999999, 108.31722666666667)
(89.230842666666661, 105.27808533333334, 114.66799466666667)
(129.13887466666668, 126.910224, 117.23976)
(85.525013333333334, 94.966490666666672, 138.07832533333334)
(137.28784533333334, 143.67284266666667, 139.63159999999999)
(79.497323943661968, 91.390835680751181, 98.174126760563382)
(38.043435215946843, 75.111308970099671, 49.74718272425249)
(91.723098666666672, 102.62361066666666, 106.25086400000001)
(137.17881681681681, 150.41992192192191, 176.93953153153154)
(63.326037333333332, 140.50406933333332, 129.43622933333333)
(97.787004999999994, 93.150469999999999, 110.918955)
(87.511985098006008, 93.188764235214421, 106.35332966428179)
(104.57139985380117, 108.17620614035087, 130.51995614035087)
(87.456269841269844, 94.244227513227514, 102.82305291005291)
(108.655824, 123.43904000000001, 130.08591999999999)
(78.194346666666661, 98.999359999999996, 102.50994133333333)
(76.294581333333326, 92.948341333333332, 110.08314133333333)
(122.70034085213032, 122.99444611528823, 122.47524310776943)
(67.684927999999999, 90.32886933333333, 106.65221333333334)
(124.48186133333333, 130.41506666666666, 142.19501333333332)
(154.01057599999999, 173.50787733333334, 180.640064)
(81.084021333333339, 98.76937066666666, 117.03157333333333)
(110.23237837837839, 113.4083003003003, 115.83864864864864)
(83.872101333333333, 85.101733333333328, 96.204869333333335)
(108.15548044692737, 106.67531284916201, 108.84110055865922)
(138.53463663663663, 137.45103903903905, 145.32373573573574)
(74.536243999999996, 91.01782, 105.738732)
(147.28181773399015, 150.25913793103447, 156.27458620689654)
(140.85108333333332, 145.53680833333334, 142.08318333333332)
(172.20278201219512, 171.5629700203252, 176.25891768292684)
(75.819398809523804, 94.000630952380959, 109.508875)
(123.81155733333334, 125.79244799999999, 126.49912)
(87.814234666666664, 106.83807466666667, 115.28597333333333)
(106.47102508178844, 131.13760087241002, 162.40600872410033)
(86.805712, 92.57538133333334, 96.349210666666664)
(81.703253333333336, 88.112176000000005, 104.48803733333334)
(162.78183183183182, 173.50134534534536, 181.43491291291292)
(126.06037333333333, 140.31179733333335, 140.47506133333334)
(45.149082666666665, 69.406901333333337, 68.786357333333328)
(87.780671999999996, 82.617866666666671, 77.570645333333331)
(89.774999298363781, 105.17633521371839, 118.76335213718392)
(86.95734933333334, 92.585861333333327, 103.42767466666666)
(96.386149333333336, 119.22108799999999, 106.12540266666667)
(133.25720533333333, 143.241568, 152.46633600000001)
(83.365567567567567, 99.412756756756764, 105.70447447447448)
(126.91920782396087, 136.79778973105135, 152.95623471882641)
(87.543882666666661, 97.646949333333339, 112.85036266666667)
(104.20566872740785, 106.20389513867775, 107.21598932468498)
(68.625327999999996, 78.468437333333327, 108.73937599999999)
(87.387722666666662, 88.79343466666667, 90.234026666666665)
(78.593242666666669, 80.203013333333331, 94.869680000000002)
(31.138394666666667, 63.904069333333332, 102.30778133333334)
(126.90894400000001, 138.11221333333333, 131.53298666666666)
(50.510565333333332, 81.004037333333329, 115.55800000000001)
(125.7594156626506, 121.33588554216867, 129.98105421686748)
(155.07533186813185, 162.68709890109889, 171.30410989010988)
(97.020516516516523, 120.90853453453454, 145.27305705705706)
(117.72239999999999, 121.28327466666667, 128.50298133333334)
(115.87796266666666, 127.90541333333333, 129.55530133333335)
(127.41642042042042, 139.64255855855856, 142.4912132132132)
(125.32105263157895, 137.49435018467221, 135.4702850877193)
(112.46590277777777, 106.30692708333333, 102.32158564814814)
(62.377205333333336, 62.377205333333336, 62.377205333333336)
(99.802015999999995, 113.05312000000001, 123.06162666666667)
(148.59451733333333, 142.08910399999999, 129.96288533333333)
(143.78214058956917, 145.14942857142856, 144.52738321995466)
(144.217105, 131.03378499999999, 116.633285)
(109.95105066666666, 107.38617066666667, 109.75817600000001)
(154.75375776397516, 170.26756521739131, 191.90636645962732)
(156.28034666666667, 148.50432000000001, 142.33879999999999)
(60.211162666666667, 93.229061333333334, 128.13057599999999)
(68.643208000000001, 113.26782799999999, 161.83547999999999)
(39.924543999999997, 129.39605866666668, 116.85786133333333)
(114.69549866666667, 117.34509866666667, 126.88810133333334)
(156.67313513513514, 160.00629429429429, 160.58317717717719)
(139.17176000000001, 134.40620266666667, 134.20304533333334)
(117.60366366366367, 135.45860660660659, 167.17566966966967)
(118.548832, 124.601072, 133.04582400000001)
(131.14333532934131, 125.6557005988024, 119.82685628742514)
(90.512821333333335, 134.21871999999999, 119.95654399999999)
(68.684266666666673, 88.638602666666671, 124.36008533333333)
(146.58443535343926, 116.90371991247265, 115.30811258953206)
(161.90606606606607, 177.95577177177177, 194.65881081081082)
(66.796138138138133, 80.63753753753754, 78.02224624624624)
(67.040496000000005, 158.54315733333334, 143.64406933333333)
(101.7452912912913, 151.66511111111112, 171.59535735735736)
(114.36949626865672, 112.79589552238807, 124.78438832622601)
(60.506746666666665, 63.088149333333334, 67.728794666666673)
(64.842228228228223, 80.554786786786792, 77.028360360360367)
(108.77975975975976, 116.03099099099099, 135.83727327327327)
(170.11447045707916, 173.43267558528427, 179.55125975473803)
(44.002291666666665, 69.178072916666665, 108.255390625)
(74.843389150532005, 90.025597418454566, 108.38081719867434)
(96.021333333333331, 107.54563333333333, 118.44625416666666)
(96.009531531531536, 100.70479279279279, 92.478552552552557)
(146.29543466666667, 146.03357866666667, 147.94242666666668)
(53.684970666666665, 65.311824000000001, 84.048512000000002)
(108.72128528528529, 126.00851651651652, 158.45464264264265)
(81.028623999999994, 88.515888000000004, 93.656298666666672)
(132.42425225225224, 136.4771171171171, 168.50076876876878)
(131.96401066666667, 134.90710933333332, 127.89586666666666)
(136.19948257080611, 136.59449891067538, 146.36861837327524)
(127.71677072431341, 150.87781948103503, 148.47235555234761)
(94.376475903614462, 97.987283132530123, 99.8290843373494)
(100.1272653592687, 109.63090587797619, 125.20452008928571)
(95.704453333333333, 96.181759999999997, 92.727952000000002)
(130.3005470852018, 131.76841255605382, 136.32012556053812)
(114.80364414414414, 124.44593243243243, 129.41847747747747)
(121.17796701030927, 121.17796701030927, 121.17796701030927)
(102.75455466666666, 114.11960000000001, 118.89767999999999)
(91.463461333333328, 95.478735999999998, 101.42085333333333)
(87.394431999999995, 130.36780266666668, 123.46859733333334)
(66.630223999999998, 83.757679999999993, 101.42738133333333)
(149.68299703264094, 156.69964391691394, 156.67017804154304)
(83.062958140432102, 87.093653549382722, 83.208815586419746)
(101.85554133333333, 98.971376000000006, 107.85324266666667)
(127.76562666666666, 127.617728, 144.83023466666666)
(85.761207294552165, 97.332871652816252, 114.63981417359187)
(63.396122666666663, 70.286810666666668, 82.607855999999998)
(79.016691689008042, 80.94583914209116, 110.1211528150134)
(102.73731733333334, 128.23043733333333, 115.414576)
(137.54537066666666, 143.8064, 136.96378666666666)
(131.722825, 139.00650999999999, 154.243155)
(134.36421333333334, 139.57004800000001, 141.12868800000001)
(93.769365269461076, 94.17276646706587, 92.628754491017958)
(124.17973611111111, 130.59903240740741, 131.98959722222222)
(88.789301204819282, 123.52928313253013, 133.90914457831326)
(84.877533333333332, 93.774251851851858, 97.873622222222224)
(60.916654654654657, 75.960438438438445, 75.128936936936938)
(120.15104533333333, 124.16210666666667, 127.64090666666667)
(83.549491017964073, 112.7567005988024, 103.80371257485029)
(105.03241441441442, 103.33741741741741, 114.12478078078078)
(119.21209066666667, 136.31533333333334, 131.00609600000001)
(116.5227972665148, 130.62894760820046, 146.442861047836)
(125.94036266666667, 127.88675733333334, 127.52604266666667)
(103.92774384236453, 117.39051724137931, 143.09232019704433)
(75.298266666666663, 87.343311999999997, 98.273359999999997)
(74.832024096385538, 96.050048192771087, 94.314144578313247)
(51.271069069069071, 54.75550750750751, 55.118906906906908)
(97.758810666666662, 115.45017066666666, 135.52269333333334)
(30.484704166666667, 50.982608333333332, 47.820608333333332)
(102.088144, 103.45149333333333, 110.59666666666666)
(105.68320533333333, 112.39462399999999, 124.83547733333333)
(93.658406022245188, 103.82308380017405, 130.11210805776133)
(131.67721029547553, 134.89689519852263, 142.79208795013849)
(123.59915743305632, 132.25689058171744, 128.79223799630657)
(64.38288, 75.374560000000002, 98.638677333333334)
(99.928474666666673, 101.23077866666667, 104.61472533333334)
(92.132258258258261, 112.96196396396397, 122.34789189189189)
(96.163306666666671, 106.92909333333333, 120.101328)
(98.603610666666668, 99.478272000000004, 97.197578666666672)
(129.68004266666668, 138.12417600000001, 152.51828800000001)
(131.21234133333334, 138.01527999999999, 148.06596266666668)
(69.795129129129123, 133.7816096096096, 128.41312312312311)
(83.166186666666661, 105.640416, 96.951690666666664)
(69.094938666666664, 77.814234666666664, 83.564053333333334)
(154.76412883435583, 124.31355214723926, 185.78671779141104)
(65.45298498498498, 67.296642642642638, 77.885663663663664)
(107.98077060931899, 117.09375448028673, 139.79898745519714)
(91.51204204204204, 96.806588588588582, 90.696054054054059)
(122.40165866666666, 135.02909866666667, 149.73617066666668)
(125.59587733333333, 125.491952, 129.18812266666666)
(81.91545819397993, 96.439163879598667, 138.85418060200669)
(102.3059223880597, 125.44759402985075, 140.76773134328357)
(97.257349333333337, 120.19393066666666, 101.82832000000001)
(117.04643243243244, 120.40685285285285, 122.75526726726727)
(88.965018666666666, 140.86561599999999, 117.56699733333333)
(87.140917333333334, 95.454426666666663, 103.75646399999999)
(69.196158730158729, 69.196158730158729, 69.196158730158729)
(87.596565333333331, 86.792544000000007, 90.049632000000003)
(118.49863999999999, 118.2252, 131.01212799999999)
(127.62601201201201, 130.07383783783783, 132.04777177177178)
(130.06054382022472, 134.19709213483145, 132.15195505617979)
(124.59378378378378, 128.68428828828829, 130.03691291291292)
(129.66645333333332, 134.98638933333334, 147.06990933333333)
(91.305578666666662, 96.844874666666669, 100.802224)
(101.27147549019608, 116.62445588235295, 128.35968627450981)
(141.87007466666665, 147.85829333333334, 157.21565866666666)
(121.496064, 119.51375466666667, 121.540464)
(70.906415999999993, 72.453418666666664, 76.236341333333328)
(117.01941333333333, 117.34940266666666, 118.17597866666667)
(106.36341866666666, 124.61081066666667, 148.25658133333334)
(131.97498133333335, 138.19020800000001, 131.77661866666668)
(104.25148348348348, 127.50357357357358, 126.62064864864865)
(96.591574850299395, 117.88176646706587, 141.15011976047904)
(141.88026133333332, 151.184864, 162.386864)
(96.073679999999996, 99.226752000000005, 105.617808)
(66.808853333333332, 77.084373333333332, 96.061210666666668)
(68.500912, 64.09111466666667, 58.553674666666666)
(126.79296096096095, 130.58559159159159, 165.00296096096096)
(119.99584, 133.81168, 150.129616)
(102.45207407407408, 106.79068148148149, 105.10445925925926)
(116.51196072528542, 147.65843040085218, 136.52687400134312)
(123.00958933333334, 131.15155200000001, 135.15294933333334)
(153.86478078078079, 162.62167567567568, 167.5510870870871)
(96.836133333333336, 139.85988266666666, 168.434832)
(70.436058666666668, 99.889471999999998, 82.411573333333337)
(114.96373333333334, 117.980592, 118.50419733333334)
(106.54142342342342, 112.49165765765765, 116.1579039039039)
(92.69631325301205, 115.27815662650602, 125.66693373493976)
(158.33911120082084, 158.63829876705185, 159.53600444063179)
(146.959, 131.81062790697675, 130.44816279069767)
(131.97466307277628, 132.90449595687332, 132.12430188679247)
(105.43971771771771, 142.2443063063063, 174.16584384384385)
(114.34854497354497, 141.59555074555075, 157.23566618566619)
(112.70139733333333, 132.90867733333334, 152.64221866666668)
(109.43717117117117, 122.1694054054054, 121.02015615615616)
(106.63050216450216, 144.53863203463203, 158.55028571428571)
(101.81488073394496, 115.62128440366972, 124.26989602446483)
(81.842282666666662, 111.39116799999999, 140.49132800000001)
(57.178047999999997, 99.639328000000006, 140.10551466666666)
(95.950288288288291, 97.647927927927924, 99.80283483483484)
(106.21391502468251, 149.69585671490654, 165.71022319733345)
(102.25473684210526, 128.86278947368422, 128.15877192982455)
(87.012871485943776, 99.628483935742977, 117.80988955823292)
(109.29924324324324, 147.49311711711712, 187.60431231231232)
(145.34335135135134, 153.0739159159159, 146.52487687687687)
(87.36097066666666, 115.33598933333333, 126.15035733333333)
(126.61557983193278, 137.56895798319329, 144.07829691876751)
(75.201609609609605, 77.236204204204199, 76.335723723723717)
(54.000102102102105, 88.846354354354361, 89.307147147147148)
(110.24592533333333, 121.97980800000001, 139.11132799999999)
(92.955315315315318, 132.61757957957957, 171.32662462462463)
(152.3145105105105, 168.21781381381382, 190.20974774774774)
(112.310304, 143.64425066666666, 128.97402666666667)
(88.998746666666662, 100.42738133333333, 113.10846933333333)
(89.351402666666672, 96.96020266666666, 105.09992)
(88.004351999999997, 105.62365866666667, 123.94397333333333)
(78.799093495934954, 106.35666260162601, 119.42104471544715)
(111.62130330330331, 162.85287087087087, 202.89521921921923)
(94.599705705705702, 93.992876876876878, 96.561339339339341)
(97.406469428007895, 99.040604865220246, 110.20460223537147)
(82.468374485596712, 98.172705761316877, 121.79486625514403)
(48.174970666666667, 77.383866666666663, 110.05676800000001)
(93.507357357357364, 131.94166366366366, 173.76335135135136)
(68.630032, 103.59214933333334, 122.06128533333333)
(147.59965866666667, 140.98826133333333, 95.191999999999993)
(71.136437333333333, 83.026394666666661, 90.039157333333335)
(143.53199000000001, 142.40481, 158.46089000000001)
(75.253855999999999, 84.047205333333338, 96.248133333333328)
(71.115632000000005, 77.49560533333333, 84.397775999999993)
(107.96373573573574, 147.56119519519518, 134.59167567567567)
(157.46556799999999, 138.36625066666667, 88.514911999999995)
(105.13716516516517, 142.50529129129129, 183.77940540540541)
(103.87943768115942, 106.17145507246377, 130.73380869565219)
(65.415655030800821, 112.84002464065708, 98.693835728952777)
(122.81906666666667, 135.40838333333335, 142.91933333333333)
(55.267129129129131, 77.045675675675682, 72.389003003002998)
(22.893568862275448, 37.848371257485027, 53.833269461077847)
(63.100501333333334, 90.573162666666661, 87.141253333333339)
(91.993754666666661, 133.65457599999999, 154.00783466666667)
(99.925369369369363, 132.78959759759761, 144.16728528528529)
(66.012528528528534, 78.866258258258256, 80.646534534534538)
(84.740716666666671, 103.40346666666667, 107.20595)
(110.44329129129129, 114.64637837837837, 122.88321921921921)
(47.074218666666667, 69.456522666666672, 104.23661333333334)
(108.99538666666666, 111.812624, 112.516144)
(131.14151951951951, 147.70130930930932, 165.99296696696697)
(138.85714114114114, 149.03624024024023, 169.18569969969971)
(52.026671999999998, 72.787968000000006, 82.943119999999993)
(57.808528000000003, 100.72872533333333, 105.93824533333333)
(147.233825, 155.42127500000001, 160.92362499999999)
(137.15590990990992, 154.54892492492493, 186.40962762762763)
(176.30786666666665, 172.37385599999999, 221.73947200000001)
(139.72177177177178, 147.45965165165165, 163.28115315315316)
(128.009488, 133.96856533333334, 137.90987733333333)
(114.53011733333334, 112.595776, 120.05932799999999)
(95.491285333333337, 116.25346666666667, 151.05684266666665)
(135.12375878814234, 139.28270638544612, 145.05059070812496)
(121.63277551020408, 114.40260641399416, 113.78113119533528)
(89.149794999999997, 110.77947, 136.77721)
(113.68011411411412, 126.51494894894896, 131.56408408408407)
(102.22027627627628, 121.79477477477478, 126.20615615615615)
(80.995568000000006, 120.48384, 126.79286399999999)
(62.065477477477479, 88.89563963963964, 114.72851051051052)
(85.97526132404181, 92.021060782036386, 101.97765195509098)
(107.38075495049505, 138.84496287128712, 176.04710396039604)
(102.67512592592593, 105.60623703703703, 118.60680000000001)
(43.99492424242424, 62.922140151515151, 85.811988636363637)
(113.12600597014925, 134.63809552238806, 137.48659104477611)
(127.57163363363364, 135.4867027027027, 145.66085885885886)
(65.662918518518524, 78.654355555555554, 104.3593925925926)
(72.012170666666663, 74.544021333333333, 92.927653333333339)
(58.975039039039039, 71.704378378378379, 83.040294294294299)
(62.201962666666667, 65.28876266666667, 72.187039999999996)
(93.28487268210452, 111.69587436784668, 125.59478307159968)
(102.49115315315315, 135.32967567567567, 178.87654654654654)
(54.084580204392751, 60.900683191237086, 68.222483202529503)
(122.68845645645645, 135.35919519519518, 154.48212612612613)
(96.745156249999994, 131.40800781249999, 169.22109374999999)
(134.01624542124543, 138.16190476190476, 141.52456043956045)
(138.73838908112265, 156.69170190952198, 156.27453543508906)
(107.47033633633633, 112.01213213213214, 121.37215015015015)
(97.565146666666664, 105.98499200000001, 124.12611200000001)
(84.348730666666668, 118.60774933333333, 122.87442666666666)
(79.964469333333327, 88.967077333333336, 90.189157333333327)
(128.86777777777777, 155.26805405405406, 185.1703963963964)
(116.31554354354354, 150.33603603603603, 180.20995195195195)
(64.094510510510517, 88.621453453453455, 125.79792792792793)
(110.34947733333334, 114.30026133333334, 117.93350933333333)
(133.73031231231232, 146.73144744744744, 171.40156756756755)
(113.86405306298533, 80.634772552967121, 67.766615137570696)
(75.748597333333336, 102.26214400000001, 115.86714133333334)
(134.06899699699699, 141.79837837837837, 147.99021621621623)
(122.861216, 124.82221333333334, 127.844144)
(107.8634054054054, 144.5987147147147, 171.61060060060061)
(94.368480480480486, 120.32079279279279, 162.11695495495496)
(64.811637333333337, 69.679631999999998, 81.751152000000005)
(102.92153753753753, 137.13408408408409, 172.5278978978979)
(72.177957957957958, 77.298168168168175, 81.445675675675673)
(98.341638297872336, 121.09425531914894, 136.73480851063829)
(112.41800600600601, 116.93923123123123, 120.66317717717718)
(66.407653756563192, 74.173507229694138, 85.551270286852983)
(88.22938666666667, 88.246442666666667, 87.826352)
(139.060987654321, 143.96159722222222, 151.59391975308642)
(104.01771771771772, 120.80648648648649, 138.82641441441442)
(118.09944533333334, 119.198272, 136.34448533333332)
(59.471871999999998, 68.856170666666671, 74.941962666666669)
(135.42836036036036, 138.35655855855856, 145.49416216216216)
(115.73919230769231, 115.77539743589743, 126.95062820512821)
(66.13994133333334, 61.410517333333331, 86.940458666666672)
(118.56441066666666, 121.30656, 107.387424)
(79.264272000000005, 100.143136, 100.42935466666667)
(101.60550150150151, 128.31354354354355, 153.90312312312312)
(133.85951466666666, 143.99710400000001, 149.693984)
(120.784048, 131.33448000000001, 143.17285333333334)
(122.88554354354355, 160.72706906906907, 193.72727927927929)
(135.70289550781251, 157.31487955729168, 157.27152506510416)
(147.71886033519553, 174.16795530726256, 181.73827932960893)
(136.36090133333335, 170.77247466666665, 186.54385600000001)
(94.039535943359851, 112.11338544039816, 158.48915215029265)
(77.390311111111117, 96.93291851851852, 129.13278518518518)
(87.677199999999999, 92.566234666666674, 95.646255999999994)
(108.28267291666667, 124.41078541666667, 128.35391250000001)
(123.75265789473684, 137.22107894736843, 167.07507894736841)
(98.285480769230773, 100.34202724358974, 107.64504807692308)
(47.82586666666667, 52.78490133333333, 56.492111999999999)
(80.839469879518077, 101.51509236947791, 115.37597590361446)
(126.74236722059302, 127.42305311176278, 134.77714239165851)
(51.721977528089887, 94.910486891385773, 116.38605992509363)
(146.33463063063064, 157.87937537537539, 185.1994114114114)
(81.3904, 92.842928000000001, 104.28896)
(40.665957333333331, 65.286917333333335, 90.330032000000003)
(82.207120448179268, 106.48519327731093, 101.02796638655462)
(83.849968000000004, 92.636656000000002, 110.09277866666666)
(66.739760000000004, 108.65317866666666, 123.87013866666666)
(65.916202885062816, 67.568822708236382, 77.866896230805025)
(117.21463069438302, 121.60896948252986, 127.34131800088457)
(111.17357357357358, 117.79028828828829, 120.23778978978979)
(66.441015015015012, 99.307465465465469, 141.52185585585585)
(105.321056, 111.67146666666666, 115.985024)
(105.77116255144033, 109.80148148148149, 121.96540123456791)
(66.211627627627621, 63.206624624624624, 66.661381381381375)
(92.911567567567573, 113.86684084084084, 141.80490090090089)
(70.820293333333339, 80.074074666666661, 83.529845333333327)
(91.340325714285711, 92.572285714285712, 86.067308571428569)
(132.86297066666666, 137.75390400000001, 155.03214933333334)
(120.40315200000001, 117.10955733333333, 125.89945066666667)
(98.00818666666666, 87.872565333333327, 90.162714666666673)
(121.52923177083333, 124.703046875, 128.38261718749999)
(127.48703999999999, 122.553088, 120.30074133333333)
(84.015588957055215, 131.30068098159509, 84.758865030674841)
(152.31931444759206, 144.74239660056656, 134.86260623229461)
(81.49493866666667, 103.127968, 120.96558933333333)
(148.56435200000001, 147.207728, 150.84188266666666)
(43.18521066666667, 70.88630933333333, 84.42158933333333)
(162.92271257485029, 173.33987425149701, 179.99583233532934)
(54.961021021021018, 53.307447447447444, 51.37515315315315)
(124.62621866666667, 128.42810133333333, 134.77165866666667)
(133.5287100591716, 134.86317159763314, 158.43851479289941)
(66.074648401826479, 77.647004566210043, 92.350643835616438)
(93.690175531914889, 94.429670212765956, 99.823574468085113)
(35.488143999999998, 47.659845333333337, 68.798432000000005)
(107.72757333333334, 114.02396266666666, 114.72148266666666)
(98.033500000000004, 98.829595999999995, 100.51489599999999)
(90.29186133333333, 111.71509866666666, 106.44717866666667)
(99.657102880658442, 99.636806584362134, 107.30079835390947)
(96.070900900900895, 102.29924924924924, 105.68817417417418)
(53.401386666666667, 96.262181333333331, 124.78922666666666)
(99.918672000000001, 99.819999999999993, 91.693792000000002)
(99.00042318840579, 115.2856927536232, 132.82981449275363)
(102.453136, 98.233999999999995, 115.19910400000001)
(86.462543999999994, 88.419130666666661, 98.46599466666666)
(85.27536533333334, 132.16218133333334, 165.44370133333334)
(124.99665066666667, 133.638272, 149.98275733333332)
(107.80561791044776, 123.33680597014926, 149.32739701492537)
(104.61178666666666, 122.56570133333334, 144.87081066666667)
(122.15104533333333, 128.147232, 132.16261866666667)
(55.654565333333331, 66.370853333333329, 73.439279999999997)
(80.146416000000002, 83.655034666666666, 90.38618666666666)
(87.052816000000007, 105.54268266666666, 112.50470933333334)
(143.221470856102, 166.42480646630236, 150.56000683060108)
(119.43940540540541, 122.33132732732733, 125.13098498498499)
(72.803069069069068, 78.957423423423421, 78.99413813813814)
(79.229804687500007, 93.645351562499997, 135.22274739583332)
(77.028192307692308, 108.62128571428572, 152.62445054945056)
(118.13702933333333, 126.39956266666667, 138.14730133333333)
(135.13381333333334, 138.95020266666666, 137.82129599999999)
(126.30860512820513, 126.55116923076923, 127.48373846153847)
(49.321530666666668, 49.96485333333333, 68.217215999999993)
(98.112202127659572, 122.17214361702128, 152.0231489361702)
(154.64022535211268, 153.48223340040241, 154.86692152917504)
(109.11272533333333, 110.23313066666667, 111.83605333333334)
(114.55096533333334, 107.29962133333333, 101.58078399999999)
(38.763773809523812, 67.486589285714288, 80.565607142857147)
(114.14550800000001, 113.454668, 107.827304)
(88.995066666666673, 119.94682666666667, 128.91360533333332)
(157.66749387254902, 165.76352124183006, 170.70533088235294)
(152.78852331606217, 138.28502072538859, 126.23734196891192)
(72.13173988439307, 105.93764739884394, 139.16431213872832)
(120.329024, 125.138992, 125.24741866666666)
(67.654740740740735, 103.43324444444444, 96.469274074074079)
(94.703291291291293, 99.964792792792792, 102.15215615615615)
(140.22667733333333, 152.80190933333333, 172.36728533333334)
(64.865610666666669, 76.414474666666663, 85.96083733333333)
(96.238392523364482, 159.8606355140187, 138.94528971962617)
(120.41496296296296, 136.59589947089947, 132.97192592592592)
(121.14238400000001, 124.25350400000001, 124.27893866666666)
(128.36851200000001, 128.30013333333332, 135.39904000000001)
(81.521497326203203, 105.66950802139037, 91.552304812834223)
(109.12256582633053, 119.6512380952381, 135.94264985994397)
(105.42218133333333, 110.660208, 118.61768533333333)
(85.816496000000001, 100.22290133333334, 154.95016533333333)
(141.15546666666665, 141.15546666666665, 141.15546666666665)
(82.229363363363362, 106.93057657657657, 133.31827627627626)
(71.56044266666666, 78.990511999999995, 87.344949333333332)
(96.696209580838328, 101.70319161676646, 112.44597005988024)
(59.802186186186184, 62.175663663663663, 61.523291291291294)
(55.087909333333336, 96.252426666666665, 95.13330666666667)
(91.106207999999995, 99.983306666666664, 95.22829333333334)
(122.64437333333333, 124.910352, 124.59930666666666)
(89.648566265060239, 105.73307831325302, 128.69091566265061)
(110.77001201201202, 119.12762162162163, 132.12354954954955)
(130.26475199999999, 121.25122133333333, 113.93805333333333)
(79.41005683901723, 86.210726072607258, 108.66052438577191)
(70.659732510288066, 82.824814814814815, 107.1149074074074)
(73.483784999999997, 139.45747499999999, 115.33772999999999)
(130.88285279187818, 134.56103553299494, 138.69422335025379)
(51.722853333333333, 65.52424533333334, 92.766042666666664)
(63.860990990990992, 69.022942942942947, 73.601561561561567)
(56.835695999999999, 68.215599999999995, 83.175381333333334)
(98.496469333333337, 121.38070399999999, 108.55892799999999)
(126.65976533333334, 96.440533333333335, 73.79428266666666)
(142.09114547537229, 160.02392898052693, 167.35886597938145)
(97.283205333333328, 109.90833066666667, 121.253776)
(82.738794666666664, 96.391301333333331, 102.46021866666666)
(102.72287745098039, 114.12421078431373, 157.20371568627451)
(106.293728, 128.68212266666666, 144.956064)
(141.70497777777777, 167.98823703703704, 217.51465185185185)
(111.03595199999999, 123.23493866666666, 127.05482133333334)
(102.57597860962566, 105.42670053475936, 113.71716042780749)
(56.797696000000002, 96.933706666666666, 103.91529066666666)
(113.71201066666667, 116.18743466666666, 128.38434133333334)
(75.021242666666666, 97.257802666666663, 88.377930666666671)
(121.36176, 117.06226133333334, 113.81784)
(142.95408312958435, 133.93986552567236, 129.62854523227384)
(93.921029333333337, 97.205845333333329, 101.21189866666667)
(146.54878400000001, 143.46949866666668, 147.25485866666668)
(72.691914038342617, 78.492717996289429, 103.15780766852195)
(143.47842133333333, 145.063616, 145.52477333333334)
(102.17787987987988, 101.93772372372372, 102.37346546546547)
(62.393968000000001, 79.929962666666668, 93.61226666666667)
(105.40525149700599, 100.88323952095809, 102.23920359281438)
(80.493759615384619, 89.107014423076919, 114.24496634615384)
(116.43903643724697, 122.93114170040486, 128.79465587044535)
(121.86268800000001, 115.29153599999999, 101.40978666666666)
(56.519140006335128, 59.31095977193538, 65.228706050047506)
(100.40426628895185, 116.16503682719546, 116.76349008498583)
(70.527738666666664, 81.054762666666662, 75.922901333333328)
(86.001507246376818, 99.406347826086957, 121.00382608695652)
(89.50879466666666, 102.489424, 107.204064)
(105.74579733333333, 109.46679466666667, 115.29803200000001)
(111.77991370840274, 110.54901960784314, 121.74888575619065)
(88.456597333333335, 95.735296000000005, 100.38453333333334)
(97.161034666666666, 119.50344533333333, 138.20997866666667)
(125.24047466666667, 129.903232, 129.38814400000001)
(71.174458666666666, 78.33802133333333, 82.575658666666669)
(86.635685333333328, 83.796682666666669, 96.399413333333328)
(93.306361959957854, 111.84210133473832, 159.23815858798736)
(63.995914666666664, 70.370250666666664, 83.334453333333329)
(41.967993993993993, 39.488342342342342, 37.691699699699697)
(159.30030630630631, 186.97783783783782, 174.79166366366366)
(121.67650666666667, 118.35048533333334, 123.67405866666667)
(49.93529911180773, 62.592724660397074, 76.529604231974915)
(71.803252231823663, 87.586409538790491, 83.64933641124118)
(84.501572192513365, 88.022005347593577, 99.120529411764707)
(129.24224533333333, 135.63623999999999, 144.50034666666667)
(100.77724266666667, 106.980864, 124.33678399999999)
(102.782, 105.38516266666667, 98.755877333333331)
(147.39219017465282, 155.99921489890215, 154.8802913883419)
(52.097322666666663, 69.67819733333333, 91.901626666666672)
(106.529555, 131.74975499999999, 139.98944)
(45.399914666666668, 46.892501333333335, 61.599200000000003)
(82.361519999999999, 114.824288, 131.48865599999999)
(87.198437333333331, 111.168064, 110.20954133333333)
(24.677482666666666, 37.827589333333336, 40.629370666666667)
(100.58531733333334, 108.70616533333333, 111.402592)
(56.021722666666669, 65.899562666666668, 79.394101333333339)
(128.41758115183245, 125.31887434554974, 121.20116753926702)
(129.49625531914893, 118.30345212765957, 112.33313829787234)
(88.894867368421046, 100.79921684210527, 109.2354147368421)
(95.948181333333338, 114.89388266666667, 131.55533333333332)
(141.02981927710843, 143.70335542168675, 140.27331927710844)
(96.510290030211479, 121.51814501510574, 141.55101510574019)
(139.68517866666667, 139.75918933333332, 141.08658666666668)
(76.310312312312305, 81.269141141141148, 85.407069069069067)
(93.476336000000003, 116.21375999999999, 139.96022933333333)
(117.74194578313254, 132.69469879518073, 144.25503614457833)
(133.331312, 143.40435199999999, 151.80685866666667)
(157.00702933333332, 155.46523199999999, 151.65673066666668)
(105.87534933333333, 116.19948266666667, 122.05939733333334)
(105.93096119929453, 104.53598765432099, 101.63589947089947)
(97.849056000000004, 105.899856, 109.597328)
(72.552485333333337, 79.294570666666672, 91.717162666666667)
(71.217370666666667, 79.467242666666664, 86.821312000000006)
(130.257184, 135.80351999999999, 140.48500799999999)
(101.41304761904762, 112.76798496240602, 114.61122807017544)
(71.751175675675682, 93.852481981981981, 123.88068018018018)
(83.840369230769227, 91.31161318681319, 103.25669010989012)
(115.20362666666666, 118.21590933333333, 125.19762133333333)
(75.483465465465471, 107.75959159159159, 111.00204204204204)
(113.38388266666666, 118.52570666666666, 120.32447466666666)
(112.264016, 122.06322133333333, 133.767584)
(75.512287999999998, 104.66342400000001, 126.862944)
(103.91381381381382, 107.96631231231231, 108.04825225225225)
(74.787868263473058, 127.82437125748503, 120.88504191616767)
(53.82439466666667, 72.888874666666666, 99.152453333333327)
(91.54565269461078, 80.921616766467068, 82.418107784431143)
(124.47934933333333, 128.36103466666665, 135.30493333333334)
(127.42789149888144, 118.02029642058166, 157.22870246085012)
(45.819027027027026, 54.671231231231232, 76.395525525525528)
(90.809939393939388, 117.45968484848486, 140.48226666666667)
(108.0895614973262, 111.01198930481283, 92.07016042780748)
(127.10803199999999, 122.267664, 131.86316266666665)
(153.55731782945736, 151.32592248062016, 153.90875968992248)
(106.198736, 124.81706666666666, 115.673456)
(84.858330330330332, 93.460246246246243, 105.96888288288288)
(85.013658666666672, 99.098133333333337, 99.81504533333333)
(122.438672, 141.39979733333334, 149.660448)
(66.085903999999999, 74.337125333333333, 92.435194666666661)
(127.73288023952095, 138.63465269461076, 146.68035928143712)
(152.39839466666666, 150.27108266666667, 146.04246933333334)
(95.15084337349397, 102.80406626506024, 105.9740843373494)
(94.156047999999998, 106.27335466666666, 108.11076266666667)
(59.393531531531529, 73.450780780780775, 138.27665465465466)
(88.993379518072288, 96.414246987951813, 106.69627108433735)
(125.94898314606742, 126.96872471910112, 120.62573033707865)
(81.368880000000004, 91.699125333333328, 88.411215999999996)
(124.6152662037037, 124.86831018518518, 127.61882523148148)
(61.410426666666666, 72.647818666666666, 71.275856000000005)
(120.88341333333334, 142.28260266666666, 168.07733333333334)
(90.247845333333331, 90.397199999999998, 116.76504533333333)
(88.688198795180725, 123.03428313253012, 157.73253614457832)
(138.36385867237686, 141.83829978586724, 153.54504496788007)
(146.23619199999999, 155.24139733333334, 163.96113600000001)
(14.109397333333334, 94.088773333333336, 146.86672533333333)
(131.94998933333332, 129.34506666666667, 126.55595733333334)
(128.9412972972973, 140.84803603603604, 154.9051111111111)
(109.394032, 113.53346666666667, 116.11604266666667)
(106.49650840336135, 106.12293277310924, 113.08731092436975)
(104.77051497005988, 140.84468862275449, 162.22029341317366)
(103.44092923076923, 106.07748923076923, 114.90167384615384)
(113.42534534534535, 124.22521921921921, 122.95235435435436)
(37.121837837837838, 43.7615975975976, 39.847321321321324)
(66.239507507507511, 72.320708708708707, 83.486798798798802)
(70.779769965277779, 79.048923611111107, 90.030355902777771)
(79.527753753753757, 108.68082882882882, 103.29761561561561)
(108.74419141406371, 135.36305585474688, 137.47207262655795)
(62.250431851992865, 67.734952161375162, 107.97634508675819)
(70.520937500000002, 113.9340625, 99.445852272727279)
(36.271003999999998, 70.748052000000001, 134.47228799999999)
(70.719931972789112, 88.589039115646258, 115.57070578231293)
(92.269287109375, 128.101376953125, 165.86283203125001)
(132.23219077568135, 149.24525157232705, 165.47677148846961)
(84.532314666666664, 93.003653333333332, 113.33722133333333)
(72.305875739644975, 87.428798816568047, 73.701360946745567)
(100.52392276422765, 126.28767276422764, 138.99181910569106)
(104.66676047904191, 114.73756287425149, 116.62364670658683)
(79.842236, 88.574116000000004, 110.261252)
(74.57694444444445, 86.700101851851855, 98.055870370370371)
(108.03045333333333, 183.34277866666667, 136.51186666666666)
(55.077494565217393, 112.7900652173913, 125.9364347826087)
(78.531174489998023, 94.185304020598139, 94.004951475539713)
(95.299043189368774, 128.75560797342192, 124.85287707641196)
(118.76267348429511, 127.42352081811541, 148.25708546384223)
(95.574324324324323, 97.991357357357359, 105.99580780780781)
(61.687060582818702, 71.133963008511742, 75.936079814689919)
(106.46361, 119.296515, 136.18597)
(108.11576826196473, 117.02803526448363, 125.16908816120907)
(161.33404733727809, 174.21775739644971, 180.66446745562129)
(57.779126050420167, 68.463641456582636, 79.07470028011204)
(77.079288893031062, 91.128940562454858, 84.821943661315501)
(75.275381263616552, 85.246993464052281, 88.502730573710963)
(85.371742514970066, 91.73044910179641, 98.921976047904195)
(103.95652661064426, 114.87347338935574, 106.91014005602241)
(100.3413458913459, 119.63524433524434, 164.65080535080534)
(75.476822794691643, 97.820405932864944, 109.47887587822014)
(105.77894294294295, 118.44017417417417, 132.18993393393393)
(63.48836036036036, 130.59252852852853, 100.72114114114115)
(100.70642729970326, 118.34207121661721, 118.9133709198813)
(77.29028266666667, 98.059813333333338, 100.32476266666667)
(110.04969899665552, 147.88556020066889, 164.34139632107022)
(175.19952494061758, 162.61413106966239, 154.30992432797268)
(95.199254213785807, 98.964528308957867, 113.16940402687079)
(112.78427139874739, 145.55275574112736, 120.79646764091858)
(95.427255947497954, 120.88033223954061, 126.1527686628384)
(135.59825530677523, 118.96210138606185, 157.03882911699137)
(89.714562962962958, 102.63847407407407, 144.34220740740741)
(82.185580260812458, 100.28117084154236, 122.97329017731495)
(88.134533333333337, 101.85442666666667, 115.34656)
(87.175716282320053, 101.71047344514325, 69.408647798742138)
(152.11561224489796, 177.64038775510204, 188.25738775510203)
(69.217081232493001, 82.030969187675069, 100.75754621848739)
(98.098310231023106, 112.1183102310231, 132.62671947194718)
(107.69405333333333, 119.117152, 139.85815466666668)
(86.095543543543542, 108.33428228228229, 117.9533993993994)
(101.09442424242424, 122.66183838383839, 106.36020202020202)
(99.585300000000004, 129.50184999999999, 117.1647)
(88.516384615384609, 137.69614065934067, 134.28106593406594)
(86.558122666666662, 103.98307200000001, 126.40723199999999)
(52.618213333333337, 47.529024, 57.010981333333334)
(90.024294117647059, 101.83547593582888, 111.26028877005348)
(151.57880499405471, 165.82473246135552, 191.00410225921522)
(96.95245441795231, 109.02895211380485, 125.79827689841716)
(94.028712574850303, 106.60839520958083, 112.31126946107784)
(117.4813280982455, 139.01013833693045, 131.30747114994065)
(102.75884558512885, 113.45332963667089, 127.77064850021124)
(111.07582222222223, 117.96448888888889, 144.08422222222222)
(85.620257993541287, 100.50836615919657, 107.63793960041166)
(61.759644444444447, 94.098251851851856, 118.57281481481482)
(86.414181818181817, 91.820122994652408, 95.06867914438503)
(166.57797361874836, 160.91587293794186, 159.35857717989003)
(109.63112701517306, 94.529427453769557, 88.616954125177813)
(114.2882951807229, 136.3731686746988, 157.85019277108432)
(134.26668674488442, 135.34892887073119, 145.21070780082408)
(69.065875000000005, 106.15291666666667, 91.61181666666667)
(112.03116526610644, 125.87769747899159, 135.69518207282914)
(48.921327327327326, 63.686660660660664, 79.199429429429429)
(98.37777777777778, 117.34298798798798, 130.32454954954954)
(64.086045212687779, 71.001322867977777, 83.492239174530383)
(164.11664082687338, 178.16476744186048, 199.76864341085272)
(93.768954838709675, 116.70649032258065, 128.24119999999999)
(97.808666666666667, 142.30147733333334, 124.17827200000001)
(103.30202429149797, 104.32464574898785, 112.94724190283401)
(98.248234666666661, 129.24583466666667, 109.43890133333333)
(104.44857038123168, 143.4983064516129, 147.59181085043988)
(128.17866698142902, 132.77786433742526, 138.82514164305948)
(66.707190008920605, 75.520820695807316, 70.989259589652093)
(108.904304, 111.546688, 120.58130133333333)
(96.114880473765496, 97.189882707304307, 106.12928360837769)
(68.195066666666662, 85.150543999999996, 85.989424)
(53.840842666666667, 61.589322666666668, 121.55443733333334)
(58.591744066047468, 64.108207774337799, 73.397715858273131)
(73.487885650278812, 100.7091095039813, 129.17755740618989)
(60.734882882882886, 102.87985585585585, 99.454480480480484)
(84.385365316901414, 87.026423122065722, 81.743368544600941)
(120.21355172413793, 130.27681609195403, 140.99329310344828)
(76.580048000000005, 97.465391999999994, 94.808127999999996)
(85.589119999999994, 134.596, 102.87390933333333)
(119.86543543543543, 127.21593393393394, 133.82021021021021)
(105.21169, 119.92903, 134.535135)
(124.95929976851852, 131.59590856481481, 140.76874421296296)
(61.778066066066067, 69.82922522522523, 77.578768768768768)
(100.8971052631579, 116.02397556390977, 126.36580827067669)
(78.854799999999997, 92.560385185185183, 108.02842962962963)
(68.229380000000006, 88.99933, 102.68777)
(39.486249999999998, 96.154724999999999, 66.692916666666662)
(115.09550278625633, 140.07758463778669, 160.76889590508995)
(116.40226, 121.84363999999999, 131.68343999999999)
(103.86193064182194, 105.92880434782609, 110.91190476190476)
(96.555733333333336, 101.91463333333333, 116.81399999999999)
(95.977310924369746, 100.75067226890756, 104.01044257703082)
(94.574127548684714, 101.64830791985069, 97.128966087967044)
(88.083249249249249, 93.735837837837835, 120.69003603603603)
(98.772581585081582, 121.01449592074592, 117.660135003885)
(90.285003039513683, 103.94327659574468, 105.7299452887538)
(114.83428214731586, 109.02724927174366, 125.56753225135247)
(103.71236519607844, 125.75996323529412, 128.68561274509804)
(106.83314903846154, 120.43867307692308, 128.67125480769232)
(91.808751999999998, 104.00187733333334, 100.979744)
(100.21915733333333, 112.19368, 122.56261333333333)
(123.23366953559261, 119.94358077819616, 121.57772099695177)
(96.784687500000004, 102.7390625, 119.11423611111111)
(135.13945071868582, 141.83304029774126, 145.19999037474332)
(65.507261261261263, 122.81014414414415, 118.19881081081081)
(44.200330330330331, 61.692624624624628, 77.858834834834838)
(121.89763570410675, 142.48021764477264, 146.33060629615235)
(69.540085407477832, 56.552834187927623, 60.375325343266368)
(109.91087148557678, 141.24188979256147, 134.46004041142487)
(91.606170515394908, 111.54917815200194, 131.74096385542168)
(68.875698224852073, 76.787473372781065, 78.403662721893497)
(63.331340206185565, 92.024201030927841, 128.10033505154638)
(139.74260726072606, 157.84583333333333, 177.80767326732672)
(86.445070707070713, 110.11833838383838, 121.63636363636364)
(127.64747933884297, 123.00607438016529, 125.14493801652893)
(89.166516666666666, 112.41735, 145.29286666666667)
(130.08346829880728, 132.56574074074075, 135.83000941619585)
(95.549450718685833, 102.67035934291582, 117.6687679671458)
(60.649416666666667, 83.424708333333328, 121.43070833333333)
(54.297580539119004, 78.440552268244573, 61.631176857330701)
(119.63392192192192, 126.52918318318318, 144.98641441441441)
(146.10436153846155, 150.28982307692308, 152.39887692307693)
(76.341712612971065, 96.697010174501216, 111.6617546751549)
(66.728622008214131, 91.827800594816594, 80.531142897606571)
(115.03450442501537, 126.50251330178338, 137.1294484104703)
(105.89255141388175, 118.04020565552699, 121.89030848329048)
(140.22013999999999, 109.05224, 88.155420000000007)
(74.997460353941619, 99.005274649505864, 144.23445185014938)
(116.43884023668639, 125.61042603550295, 132.10878698224852)
(65.309077333333335, 74.234357333333335, 81.259525333333329)
(83.502192513368982, 92.806893048128345, 100.17296256684492)
(81.579031481481479, 109.49410740740741, 127.24142407407408)
(122.77076088296954, 128.9967320261438, 160.02028610186213)
(56.943885601577911, 81.00295857988165, 114.08124260355029)
(81.999208211143696, 113.81952101661778, 128.57739980449657)
(67.419087727864579, 79.335929361979169, 120.8205078125)
(77.701151999999993, 92.563573333333338, 122.67792)
(134.27604483925549, 137.47536802030456, 138.98324450084601)
(79.867776824034337, 88.184274678111592, 96.682420600858364)
(81.276359590565193, 107.74251891410771, 133.64187805963508)
(98.904949999999999, 126.053675, 131.007825)
(74.034589614740369, 78.09418760469012, 95.542227805695148)
(59.111963380281694, 100.69018028169015, 87.770625352112674)
(66.894091666666668, 88.374099999999999, 92.311324999999997)
(109.51572496732027, 117.36133333333333, 127.49597071895425)
(89.753296296296298, 120.46254814814814, 116.81346666666667)
(55.077494565217393, 112.7900652173913, 125.9364347826087)
(101.36676266666667, 126.22826666666667, 164.10348266666668)
(86.686978557504872, 153.56079922027291, 163.16021442495128)
(87.186314541622764, 99.176139357218119, 119.23854880136986)
(67.739347826086956, 122.02464882943144, 135.51441471571906)
(113.52340188107763, 126.7280089271481, 136.06945640044637)
(99.205336842105268, 141.95257894736841, 150.30865789473685)
(111.07281481481482, 139.35325925925926, 151.09219753086418)
(136.90205866666668, 132.71636266666667, 141.11975466666667)
(94.346778666666665, 145.77658133333333, 128.74656533333334)
(106.86473083496094, 123.25353368123372, 159.063720703125)
(165.70021333470416, 162.27759857091451, 157.39961059990748)
(54.272500000000001, 84.083763020833331, 75.885299479166662)
(60.521434888586896, 112.21918074160357, 130.0731465303393)
(123.76542222222223, 132.94423703703703, 134.49607407407407)
(85.276054795915769, 114.24574559281609, 97.264787513049683)
(110.87677333333333, 114.02444266666667, 119.075472)
(61.25787987987988, 74.052318318318314, 114.30817417417417)
(97.972475409836065, 108.25822950819672, 122.6961475409836)
(57.654083850931677, 68.095900621118005, 102.01195652173914)
(113.57371130385728, 93.399844862844645, 98.801995627952891)
(103.67202962962963, 125.55740740740741, 110.12962962962963)
(58.775588571428571, 118.57508571428572, 121.85756571428571)
(63.467189189189192, 69.45805405405406, 85.479219219219218)
(77.039938461538455, 72.084048076923082, 77.857063461538459)
(141.67501818181819, 162.65374545454546, 169.94445454545453)
(93.168151300236403, 105.60339479905437, 112.84406619385342)
(86.918469486599932, 117.90269739946847, 140.79944611410545)
(157.23016378298755, 144.41147978927921, 174.48677377474846)
(95.96271466666667, 128.35118399999999, 137.79549866666667)
(87.493263999999996, 87.829093333333333, 103.60185066666666)
(113.77183928571428, 120.3733869047619, 136.14434523809524)
(84.330754999999996, 102.944305, 105.750435)
(49.433280000000003, 81.167685333333338, 77.725066666666663)
(153.47984, 141.523335, 123.55873)
(101.37423354855261, 114.34462735707872, 134.58078847222816)
(86.231765395894428, 86.62063929618769, 87.007524926686216)
(136.81000591715977, 137.07107692307693, 147.68258579881658)
(56.269369369369372, 47.291393393393392, 58.104942942942941)
(96.71926726726727, 115.57835435435436, 132.8805105105105)
(121.11087140952611, 117.18482608168706, 128.06944612774208)
(87.15971291866029, 125.25928229665072, 125.24033492822967)
(118.55461504424778, 117.77919469026548, 132.51694690265487)
(73.32622289156626, 109.07646987951807, 84.810024096385547)
(43.596479041916169, 65.456155688622758, 80.828526946107786)
(89.747502487562187, 109.55877611940298, 142.7615671641791)
(66.124228456913826, 83.060716432865732, 97.707034068136267)
(126.89664150943396, 132.28416981132077, 161.72522641509434)
(162.67691733333334, 142.004288, 123.37733866666666)
(114.84912, 113.636832, 165.03056000000001)
(42.027565934065933, 72.909445054945053, 73.134472527472525)
(89.742586046511633, 95.822460465116279, 93.995293023255812)
(74.163529014844798, 90.271288798920381, 94.819365721997301)
(102.33262462462463, 106.61842042042042, 137.36984384384385)
(85.663680267581356, 97.75590027133569, 121.97871124080616)
(87.691063063063069, 103.77753753753754, 103.12780780780781)
(155.46141088014153, 146.3295370779891, 153.95670548921322)
(131.00314714714716, 103.74503903903904, 92.19427627627627)
(107.54618397626113, 98.557121661721069, 84.197756676557859)
(150.16142942942943, 162.41335735735737, 187.95631231231232)
(106.15897959183674, 109.04282142857143, 111.54797959183674)
(83.592810457516336, 102.00566176470588, 103.28842320261438)
(75.365274666666664, 66.943205333333339, 59.121968000000003)
(113.34746031746032, 132.24807936507938, 143.08704761904761)
(87.16167290886392, 106.10488115346014, 126.40571834226824)
(89.644306406685232, 97.938016713091926, 97.19605571030641)
(80.436266666666668, 123.74008533333334, 112.94152)
(102.97036636636636, 112.95436036036035, 114.08091891891893)
(80.450464985994401, 94.883288515406164, 108.90048739495798)
(119.04089820359282, 136.29226347305388, 156.30516167664672)
(93.763962566844924, 89.402235294117645, 84.144037433155077)
(81.625834666666663, 76.636858666666669, 97.681392000000002)
(169.43734351145039, 148.83442239185752, 125.85384732824427)
(106.07066133333333, 132.99395200000001, 134.62789866666665)
(122.46440100250626, 92.269694235588972, 84.213197994987468)
(87.527387267904516, 99.632194960212203, 82.926409151193639)
(122.61490963855422, 152.03322289156625, 179.40480722891567)
(116.77905088186779, 126.48965232838472, 119.77123461489658)
(144.99264864864864, 153.27096096096096, 163.54369369369368)
(145.18938554216868, 151.85334939759036, 163.96987349397591)
(98.63727280811564, 89.885236033299819, 108.89921128417711)
(122.92741866666667, 114.76837333333333, 99.934266666666673)
(110.30266666666667, 120.58329066666667, 124.44038933333333)
(132.30923733333333, 127.748048, 138.48100266666665)
(95.553303303303309, 119.77096696696697, 164.40718918918918)
(71.287036414565833, 82.336190476190481, 82.821103641456588)
(107.87290858725761, 157.54557894736843, 152.3387700831025)
(126.31627733333333, 134.65890133333335, 136.48726933333333)
(106.90763909774437, 121.79475187969925, 134.12649122807017)
(65.779879879879886, 72.960024024024023, 75.721225225225226)
(116.77293518518519, 108.18241666666667, 95.20408333333333)
(135.883661380597, 137.07214552238807, 137.85716651119404)
(71.121079365079368, 115.13803174603174, 118.29565608465609)
(76.17661866666667, 74.53118933333333, 77.024773333333329)
(116.53394594594594, 122.04464414414414, 122.91898648648649)
(86.766842666666662, 118.47644266666667, 121.97354666666666)
(133.18935162094763, 120.04400997506234, 101.93660349127182)
(120.63746987951808, 159.28637951807229, 182.04916867469879)
(71.350864000000001, 58.08821866666667, 53.714757333333331)
(104.71183193277311, 119.25763025210084, 121.05898599439776)
(111.45090395480226, 123.00605649717514, 119.32277966101695)
(87.06389333333334, 88.245941333333334, 92.406543999999997)
