277 83
275 61
271 59
304 56
265 86
279 83
275 86
266 52
270 61
281 83
268 61
273 53
274 100
284 61
295 55
273 59
293 86
295 61
289 62
270 60
316 62
286 85
279 89
310 87
313 81
287 76
263 70
268 59
275 85
273 83
270 96
275 89
279 85
295 63
276 55
277 78
264 81
282 78
263 55
295 59
279 87
263 65
288 102
284 89
292 59
280 102
269 55
301 97
271 85
295 100
290 55
288 88
315 68
285 71
263 76
295 60
295 51
267 91
272 75
276 74
273 61
292 63
273 87
274 77
298 60
285 55
276 61
269 52
287 84
289 52
300 52
266 60
298 63
285 86
301 62
306 93
263 59
272 55
274 71
266 55
300 55
314 75
271 60
