332 107
298 224
290 103
226 116
268 101
190 171
239 94
252 186
298 184
242 222
324 100
322 188
298 184
257 115
240 103
304 117
310 115
226 105
234 111
269 185
242 114
282 230
301 104
209 202
249 116
269 143
297 159
264 155
301 98
329 129
186 153
312 97
312 104
242 109
279 180
295 189
292 179
303 112
285 185
285 191
329 115
310 114
271 114
277 160
322 115
250 110
310 183
198 188
269 186
255 94
290 114
266 182
296 153
303 187
298 116
302 181
184 135
299 142
286 185
224 98
316 116
322 105
274 191
308 214
286 181
242 117
328 159
309 117
254 102
289 163
263 189
326 174
303 153
316 202
183 116
234 117
241 112
261 229
213 109
329 144
224 214
316 112
309 111
