282 260
257 173
242 163
337 155
192 297
289 262
271 266
233 148
241 178
296 260
232 176
267 143
263 333
298 174
322 156
251 166
307 269
315 173
302 174
241 170
335 172
298 268
288 276
330 246
334 227
315 222
160 229
232 166
271 266
268 263
236 326
275 274
288 267
315 177
280 153
294 237
176 277
307 231
221 160
315 166
288 267
158 203
305 318
296 276
308 168
290 331
250 153
320 283
253 267
313 301
312 157
303 273
336 190
308 207
166 254
312 171
322 145
212 314
260 227
299 221
250 176
308 176
264 271
276 234
322 168
302 157
270 175
249 142
303 264
311 149
332 147
225 172
321 176
299 268
326 174
325 264
158 178
265 153
267 211
236 156
330 156
336 209
241 172
