199 207
204 149
195 143
277 150
176 210
204 209
195 210
184 131
194 150
210 209
189 148
201 134
190 248
229 151
252 145
200 145
236 218
251 153
239 152
194 146
309 162
219 215
204 220
288 229
298 214
231 188
174 169
189 143
194 211
192 208
184 236
196 217
204 213
251 156
207 139
204 194
174 196
218 193
177 135
251 149
204 212
177 156
221 260
215 221
245 149
202 257
191 138
259 250
186 210
241 257
239 144
225 220
307 179
227 175
174 182
251 152
253 137
179 223
189 182
199 180
199 149
245 154
190 214
195 190
258 151
226 142
207 148
192 131
222 213
239 137
266 140
185 146
258 156
219 214
264 155
275 241
179 144
199 139
195 171
184 137
264 147
304 197
194 147
