288 100
284 71
278 69
329 62
271 111
291 100
286 103
268 62
278 72
295 99
275 72
280 62
287 128
299 68
315 61
281 69
311 102
314 68
306 69
279 71
350 67
301 102
293 106
345 107
349 98
304 89
266 88
275 70
286 103
283 101
280 124
287 106
292 103
314 70
286 64
291 93
269 103
297 91
265 67
314 66
292 102
265 80
307 128
299 106
310 67
296 130
274 66
328 121
280 104
318 125
307 63
305 104
351 77
301 82
267 96
314 67
314 57
275 118
281 89
287 85
281 71
310 69
283 105
286 91
318 66
299 63
286 69
274 62
303 100
306 59
323 57
272 72
318 69
301 102
322 68
338 115
265 73
280 66
283 82
269 66
322 60
350 87
278 71
