284 98
273 158
270 96
238 102
261 96
211 134
246 91
250 139
275 139
244 161
281 95
280 137
274 139
255 102
246 96
274 103
276 102
239 96
242 100
261 139
247 102
267 163
273 97
224 151
251 103
259 117
277 124
257 124
273 94
282 108
208 124
277 94
277 96
247 99
267 135
274 142
274 136
274 100
270 139
269 143
281 101
277 101
258 103
265 126
281 102
251 100
278 139
216 143
260 139
254 92
270 102
259 137
276 119
276 141
272 102
277 137
207 113
277 115
270 139
238 92
279 103
280 97
263 143
276 151
271 136
247 104
283 123
277 103
253 96
273 127
256 141
282 130
280 121
278 144
208 103
242 103
246 101
256 163
232 98
283 115
233 156
279 100
276 100
