314 148
274 251
289 146
230 149
263 139
184 196
243 131
242 210
276 213
226 247
309 143
295 218
275 215
253 151
243 138
296 158
300 156
233 138
236 145
255 211
242 149
261 256
295 147
199 226
248 152
261 177
285 196
254 187
295 142
307 169
182 179
302 142
302 147
243 144
263 208
273 220
272 209
296 154
266 215
266 220
308 157
300 155
267 152
265 193
308 157
249 146
283 215
190 212
255 213
254 133
285 155
253 209
283 189
279 218
292 157
279 212
182 163
289 181
267 213
233 133
304 158
308 147
257 218
282 241
268 210
242 152
303 194
300 159
253 139
276 198
249 215
299 206
291 192
289 230
184 146
236 150
241 147
243 255
224 140
306 182
212 238
305 154
300 153
