239 129
228 98
222 96
264 91
200 145
242 130
232 132
215 86
221 100
245 129
218 100
229 87
228 158
246 98
256 91
225 97
253 132
253 98
248 98
221 98
262 97
247 132
241 137
260 127
262 119
254 116
188 118
218 97
232 131
231 129
217 155
234 136
241 132
253 99
234 92
245 123
194 137
251 120
209 90
254 96
241 133
187 109
247 155
246 137
251 96
239 158
222 89
255 142
223 131
252 149
252 92
250 135
262 104
251 110
190 128
254 97
256 88
208 151
231 118
248 116
225 99
251 98
228 134
238 121
256 96
248 92
235 98
222 85
249 130
252 89
260 88
215 98
256 99
247 133
259 98
258 134
187 99
228 91
234 112
216 89
260 91
263 112
221 98
