259 160
243 114
232 112
300 104
200 187
264 161
252 165
226 103
232 116
268 160
226 116
247 100
245 207
270 115
286 106
238 112
284 169
283 116
274 116
232 114
301 120
274 166
263 169
301 165
302 154
281 142
183 145
226 113
251 166
249 163
228 204
255 169
263 165
283 118
256 103
266 150
190 175
274 147
217 108
283 113
263 165
182 130
277 204
270 169
278 113
263 207
237 106
295 188
240 169
288 198
280 106
277 169
302 131
276 133
185 161
282 115
286 103
213 197
244 142
269 140
238 116
278 117
248 169
254 147
287 114
273 105
252 115
237 101
277 163
279 103
293 102
221 115
287 118
274 166
291 117
298 177
182 115
246 105
248 133
227 107
293 105
302 142
232 114
