330 122
293 247
282 115
223 129
255 118
208 175
234 111
243 191
284 190
239 234
320 112
339 213
285 196
247 129
234 118
298 129
305 127
224 119
229 126
256 189
236 128
272 250
294 116
220 206
242 130
251 149
277 165
247 161
293 109
360 144
205 159
307 109
306 116
236 124
264 187
281 201
276 187
297 124
270 198
270 202
361 125
306 126
257 124
255 166
319 128
242 125
299 192
213 191
256 196
245 112
279 122
253 188
261 156
291 198
292 128
288 188
202 142
283 148
270 190
223 114
312 129
318 119
259 201
311 238
270 188
236 131
355 180
304 129
245 118
265 169
250 197
349 198
289 160
326 227
202 125
229 130
235 127
253 245
214 121
358 162
229 220
312 125
304 123
