179 266
171 207
158 201
246 192
157 277
185 267
177 273
144 190
159 209
191 265
153 208
164 189
183 311
194 205
220 187
165 203
217 271
220 203
206 205
159 205
288 201
200 271
187 282
281 273
287 256
201 242
144 236
152 203
177 272
173 269
174 300
179 280
186 272
221 207
171 196
175 251
151 264
188 248
138 198
219 197
186 273
144 222
217 315
198 280
212 200
197 317
153 193
254 299
169 273
236 309
207 190
208 276
290 219
195 231
146 250
220 201
219 181
165 289
159 243
167 238
165 208
213 206
174 277
166 249
227 199
194 193
173 206
153 188
203 267
205 184
234 184
148 206
228 205
200 271
234 202
269 288
145 208
162 195
164 231
145 194
233 188
290 237
159 206
