321 116
284 238
284 113
217 124
261 111
172 184
234 102
243 186
279 183
226 239
314 109
304 195
279 188
248 123
234 111
295 126
301 124
220 112
225 121
256 183
233 123
268 245
294 114
192 217
241 124
257 144
289 161
251 155
294 108
312 135
167 165
304 107
304 113
234 120
263 178
278 194
275 178
295 121
269 189
269 196
312 120
301 123
261 120
264 161
312 125
241 120
289 186
180 202
256 189
249 104
285 121
253 181
283 152
284 191
290 125
283 180
165 146
293 144
269 183
219 103
307 126
313 114
259 195
292 225
269 179
233 125
311 165
301 127
248 112
278 165
250 192
308 180
298 155
299 210
165 127
225 125
232 122
247 245
207 112
313 150
208 229
307 121
301 119
