284 101
242 227
231 98
182 115
206 101
173 159
187 96
190 185
234 177
191 214
272 92
305 206
234 178
204 114
188 102
251 113
258 110
179 104
187 112
202 179
193 114
219 228
244 98
177 189
199 116
203 136
227 151
200 148
243 90
331 134
173 145
258 89
258 98
193 110
208 171
229 184
223 169
250 107
217 178
217 185
330 114
259 109
211 111
206 151
274 111
199 111
252 179
174 174
203 181
197 96
232 110
198 176
206 138
241 182
244 112
238 173
175 131
234 134
216 177
178 99
266 112
271 99
208 186
264 223
215 171
193 117
327 173
258 113
197 102
214 154
198 186
319 192
240 147
286 217
177 117
187 117
194 113
203 223
172 106
330 153
183 203
266 107
257 106
