292 59
278 119
278 60
244 66
264 58
215 96
252 53
256 97
276 95
248 121
289 57
289 100
276 96
258 66
252 58
282 66
284 65
247 58
248 64
263 96
252 66
271 122
282 60
227 112
255 67
264 75
280 84
261 81
281 57
291 71
213 86
285 57
285 60
252 64
267 92
275 99
273 92
282 64
270 96
270 100
290 65
284 65
266 64
268 84
289 66
256 64
282 96
220 105
263 96
259 54
277 64
261 94
279 78
278 98
280 66
278 94
213 76
282 75
270 96
246 55
287 66
289 59
265 99
282 113
270 93
252 67
291 85
285 67
258 58
275 85
260 98
290 93
284 81
286 107
213 66
248 67
251 65
259 123
241 59
291 78
237 118
287 64
285 64
