279 220
261 154
245 148
345 141
201 260
286 221
272 238
230 134
244 156
293 220
236 155
263 132
262 293
297 157
324 141
254 149
314 238
321 155
306 156
243 152
349 152
301 231
287 246
349 227
351 208
311 199
175 200
236 149
271 233
267 228
239 286
276 246
286 229
322 157
277 139
291 210
188 242
302 206
217 143
321 150
286 237
173 178
308 290
298 244
313 152
287 295
246 140
336 263
259 241
325 279
313 141
307 242
352 170
305 186
180 222
323 153
325 132
219 275
263 199
294 196
253 156
314 157
267 244
276 206
329 151
301 140
273 156
247 131
306 226
313 134
336 134
228 153
329 156
301 237
336 155
343 246
173 155
262 141
269 186
232 141
335 141
352 189
245 153
