279 166
218 342
215 156
155 169
190 156
145 230
168 145
166 273
211 273
160 311
267 153
293 309
211 276
182 173
167 153
232 180
242 178
156 153
162 165
179 271
169 170
189 339
232 158
149 271
175 174
177 209
206 234
171 225
232 148
330 212
144 210
250 148
248 159
170 164
185 262
205 282
201 263
232 173
193 273
192 282
332 185
242 176
189 169
179 232
262 180
177 167
230 279
147 250
179 273
180 148
216 170
174 266
184 221
218 282
223 178
216 269
145 190
216 212
193 271
156 146
252 182
264 162
182 280
246 336
193 264
168 174
321 264
242 182
179 155
190 237
173 277
310 289
221 229
271 325
147 170
161 172
169 169
170 329
146 154
327 238
154 292
252 175
242 172
