263 209
240 150
225 146
317 128
193 244
270 210
254 216
204 133
226 155
276 208
218 155
231 135
247 267
272 145
299 132
233 146
293 213
293 147
280 148
227 150
323 142
282 214
270 225
321 207
324 191
285 184
165 194
217 148
254 216
250 213
228 262
258 225
270 215
293 151
245 139
268 193
179 230
277 190
194 139
293 144
270 216
162 174
286 260
280 223
286 145
269 267
218 142
308 237
236 218
298 250
289 135
288 219
324 158
280 172
170 212
293 147
297 125
209 254
244 188
270 180
233 153
286 150
247 222
255 192
300 144
279 136
250 147
218 133
286 209
287 129
308 124
210 152
300 150
282 214
305 147
316 223
161 155
232 141
248 175
206 142
308 130
325 174
225 151
