253 188
236 132
224 126
319 120
192 223
259 189
245 198
213 119
224 136
265 188
217 135
237 115
238 249
271 130
297 120
231 127
282 202
295 129
280 131
226 130
333 133
271 197
259 201
331 202
335 185
281 167
178 172
217 129
245 197
241 194
220 245
250 202
259 195
295 134
248 120
260 177
185 207
272 173
203 126
295 124
259 196
178 155
278 247
267 202
287 126
258 250
225 123
312 232
231 203
296 241
285 121
275 202
335 150
276 155
180 190
295 129
297 112
204 236
238 169
262 166
231 134
287 133
240 203
248 174
302 125
272 121
247 131
224 116
275 194
284 115
309 113
211 133
302 132
271 198
308 129
324 218
179 138
236 122
243 157
214 124
308 120
336 167
224 132
