290 119
248 264
232 123
169 138
200 124
164 189
179 116
194 210
234 202
190 250
276 110
314 235
234 205
195 138
179 123
252 137
261 134
169 124
175 135
204 205
182 137
222 266
247 122
172 223
189 140
200 164
229 178
198 178
245 114
338 154
162 173
260 110
261 120
182 133
208 197
230 211
222 196
251 132
217 206
218 212
336 132
261 133
204 134
205 181
278 133
189 134
253 204
167 207
205 207
190 118
227 130
199 202
206 170
242 208
244 136
237 199
162 157
234 159
216 203
168 117
270 136
276 119
209 212
272 257
215 198
182 141
335 197
261 138
189 124
215 184
201 212
327 217
242 171
295 248
162 140
175 140
182 136
203 261
159 125
337 175
180 238
269 131
260 130
