344 159
275 340
259 153
150 172
206 160
134 246
167 146
186 278
265 273
191 324
326 144
356 301
265 275
193 174
167 157
285 172
297 168
148 159
161 166
211 277
172 172
242 343
281 153
154 291
183 176
203 212
248 239
195 231
279 141
390 199
130 221
303 139
302 152
173 164
222 267
259 286
247 265
283 162
236 278
237 289
390 170
298 165
212 171
210 240
321 169
184 167
296 271
142 269
211 278
188 149
247 170
203 272
228 229
278 280
274 171
271 267
127 197
256 211
236 277
146 148
309 171
323 155
218 289
305 331
235 269
172 177
383 254
297 173
186 159
229 246
201 285
373 279
265 229
332 318
127 172
160 175
172 169
213 337
130 162
388 226
171 309
309 162
295 159
