252 147
209 287
195 143
150 159
172 144
145 205
155 138
165 232
197 232
163 264
240 137
276 263
198 233
170 160
155 144
214 161
222 158
148 144
154 155
172 232
160 159
185 287
209 144
152 235
165 161
164 188
186 206
160 199
208 135
308 184
145 190
224 133
224 143
160 154
174 227
194 240
187 227
213 155
182 234
182 241
308 162
223 157
174 159
166 205
239 159
166 155
216 231
148 220
173 233
164 139
193 160
168 229
168 198
205 237
206 160
200 229
147 176
194 189
181 233
147 139
231 161
238 145
174 240
232 282
180 228
160 162
302 227
222 162
163 144
173 209
169 236
292 247
198 202
255 274
149 162
154 161
161 157
171 278
141 145
307 205
157 250
231 154
221 153
