301 232
276 167
260 158
354 158
205 267
307 234
286 240
244 145
259 166
313 233
251 165
276 147
276 292
315 168
339 159
268 161
323 244
332 169
319 169
257 162
348 169
316 241
304 250
346 231
349 216
333 209
176 206
251 159
286 239
283 235
251 286
291 249
306 240
332 172
290 156
312 220
189 251
324 216
231 154
332 164
305 240
176 184
315 286
313 249
325 165
300 292
259 154
334 261
265 240
325 274
331 160
318 247
349 184
327 196
180 230
332 168
339 154
227 278
282 210
322 204
267 167
325 171
278 245
297 216
338 166
323 161
291 168
260 144
320 237
330 156
347 154
243 163
338 171
315 241
343 170
341 247
177 161
275 156
289 197
245 154
347 159
350 199
259 164
