332 149
288 251
297 150
224 150
267 149
177 199
244 134
241 212
291 213
232 246
324 144
322 224
290 213
253 155
242 143
306 158
311 157
229 141
232 147
261 213
239 152
272 255
306 150
197 229
246 155
264 175
291 193
258 185
306 146
336 171
174 182
315 144
315 150
241 147
273 207
288 221
287 207
306 154
279 214
278 222
337 157
311 156
271 153
268 191
322 157
248 150
302 212
185 215
261 213
257 139
293 155
257 209
283 184
296 217
300 157
295 209
173 165
297 178
279 214
230 133
317 158
324 149
265 221
300 243
280 209
239 155
333 199
311 159
254 146
280 196
252 217
329 212
301 189
312 234
174 147
231 153
238 150
252 253
217 139
335 185
214 238
317 155
311 154
