267 154
244 321
203 160
143 187
174 166
141 246
147 163
172 269
219 263
179 312
251 144
307 277
219 264
172 183
149 170
226 175
234 170
138 174
149 181
185 268
157 184
216 326
219 158
155 283
165 185
175 220
208 238
172 235
216 148
317 183
136 228
233 144
235 154
157 177
190 261
215 272
206 259
223 167
200 267
201 275
313 158
234 168
180 182
182 241
253 167
165 178
241 259
147 265
186 268
161 161
205 178
180 265
187 230
229 267
217 175
223 259
132 210
214 215
199 267
135 168
244 171
251 153
190 275
268 310
198 262
158 188
321 231
235 174
162 169
194 244
180 272
317 255
222 230
290 296
129 190
150 188
157 182
195 323
127 179
320 206
166 299
243 164
232 163
