253 221
246 151
228 140
340 154
178 241
259 223
242 224
207 124
226 153
267 223
217 150
240 120
233 274
283 156
319 145
238 144
292 230
306 156
290 155
224 146
343 163
276 229
258 234
331 233
336 215
291 200
166 182
218 141
241 224
238 221
212 266
245 232
259 228
305 161
254 130
266 209
169 223
280 206
197 139
306 150
260 226
168 162
278 275
271 235
297 150
257 277
223 129
311 260
224 221
295 269
307 143
282 233
341 181
286 186
165 203
305 154
321 136
193 256
240 193
269 198
236 153
297 158
234 227
251 202
315 153
295 140
259 153
222 118
280 225
307 134
333 142
209 145
314 160
276 228
321 158
323 248
172 142
238 130
249 181
210 132
329 149
339 198
227 147
