229 228
211 162
195 155
305 137
195 238
236 229
222 233
177 147
195 165
244 227
187 165
199 146
231 268
244 157
277 144
203 157
278 227
278 156
260 158
196 160
354 154
257 231
238 243
338 229
347 211
260 199
175 196
187 157
222 233
218 230
219 259
225 241
237 234
279 160
208 152
231 213
186 225
247 207
168 153
278 151
237 233
173 181
268 272
253 240
269 153
247 273
188 152
308 256
207 231
288 265
263 146
266 234
354 173
252 186
180 211
279 155
276 137
207 249
210 201
227 200
203 164
269 159
215 237
219 209
288 152
248 146
219 158
188 145
260 227
262 140
291 134
180 162
288 158
257 231
296 155
325 244
171 166
198 152
215 188
178 153
291 141
352 193
195 161
