326 189
300 348
276 190
196 211
236 197
162 286
210 189
225 294
287 291
223 347
314 180
358 308
287 291
226 210
210 198
294 209
301 205
197 199
203 207
245 294
211 210
273 354
289 189
183 325
219 211
236 240
274 257
231 256
287 181
368 221
157 264
301 179
301 188
212 205
255 286
282 301
274 284
292 202
265 294
266 304
365 198
301 204
239 209
245 260
317 205
219 206
310 287
170 307
245 294
224 190
269 206
240 290
257 242
297 295
287 208
292 286
153 242
279 235
265 294
196 191
310 208
314 188
250 303
323 338
264 287
211 213
370 266
302 209
223 198
260 262
237 300
367 288
288 250
343 325
151 219
203 212
210 209
247 353
185 200
370 243
201 338
309 200
300 199
