295 175
260 357
212 177
137 201
170 185
141 266
143 176
186 289
241 288
188 340
275 161
334 312
242 290
171 200
143 185
242 195
253 190
130 186
144 196
201 291
154 200
230 361
233 175
160 306
163 203
176 240
215 262
171 258
230 163
358 210
135 245
253 159
254 172
153 194
208 286
237 298
225 285
239 186
219 294
219 301
354 183
254 188
185 200
182 265
277 189
163 195
266 283
149 286
202 292
157 178
216 196
197 287
184 253
252 292
231 194
244 284
132 224
224 235
218 292
129 178
266 193
274 173
206 300
288 346
217 287
153 205
357 263
253 195
156 186
196 269
195 295
349 289
234 252
313 331
129 202
144 204
155 199
206 354
119 188
359 236
173 324
264 183
251 182
