280 102
252 179
250 102
200 106
223 102
186 139
208 95
216 149
249 149
213 174
273 97
286 161
249 150
217 107
207 100
261 107
265 106
200 100
204 103
226 150
209 106
238 180
258 102
195 160
213 108
223 123
243 135
220 131
257 97
298 115
184 127
265 96
265 101
209 103
231 146
247 155
241 146
260 104
237 151
237 156
298 103
266 105
228 106
226 135
274 106
214 104
262 148
189 150
226 151
216 97
244 106
223 147
231 131
255 152
257 107
252 146
184 116
247 123
236 150
200 95
269 107
273 101
229 155
265 174
236 147
209 108
296 139
265 107
215 101
234 138
222 153
292 150
251 131
277 168
184 105
204 107
209 105
225 178
193 100
297 127
203 168
269 103
264 103
