316 123
287 212
279 123
232 129
257 124
218 167
239 118
241 173
285 174
246 206
308 117
320 189
287 180
253 129
239 123
292 130
297 128
230 124
237 126
254 174
243 129
272 214
289 123
228 190
248 130
253 145
277 159
248 154
288 118
333 140
217 155
298 116
298 122
243 125
262 172
283 186
274 172
292 126
269 183
269 188
333 127
298 127
258 127
256 159
308 128
248 126
302 172
222 179
254 180
248 119
277 127
251 172
266 154
293 180
287 130
288 171
216 143
281 145
268 176
229 119
303 130
307 122
257 186
300 206
268 173
243 131
331 165
297 130
248 124
266 163
248 180
327 178
286 154
311 198
216 130
237 130
243 128
258 212
222 125
333 152
237 199
303 126
297 125
