328 174
291 243
295 173
250 177
273 173
232 205
257 166
255 211
294 214
257 235
321 168
325 230
295 218
268 178
257 171
305 180
310 179
249 171
255 175
267 213
259 177
278 244
303 173
241 223
264 179
269 190
289 204
264 197
303 168
346 194
231 195
312 167
312 173
260 174
274 211
291 224
285 211
305 176
279 220
279 226
348 184
310 178
275 176
270 202
320 179
264 175
309 213
235 214
266 217
265 168
293 177
264 211
278 197
301 220
300 179
297 212
231 185
294 192
280 215
249 166
315 180
320 173
268 223
303 240
279 212
259 179
340 214
310 181
265 172
279 206
261 218
334 223
298 200
314 235
232 175
254 178
259 176
267 241
242 171
344 204
249 229
315 177
310 176
