271 200
253 146
239 139
319 137
215 222
277 201
262 205
223 130
238 149
282 200
231 148
250 128
257 247
282 145
301 135
246 141
298 203
300 146
288 147
239 143
322 143
288 204
276 212
319 199
321 185
291 181
195 180
231 140
262 204
260 201
242 241
265 211
276 204
300 150
261 135
278 190
206 210
286 187
213 139
300 141
276 206
192 164
290 244
285 211
294 143
275 249
237 136
309 224
247 203
301 235
293 136
292 207
323 157
288 170
199 195
302 145
301 128
228 232
258 183
282 178
246 148
294 149
256 208
267 188
306 143
284 136
263 146
236 127
290 201
291 130
311 130
225 145
306 149
288 205
311 146
315 212
191 148
249 136
261 172
225 138
310 135
322 171
239 145
