348 155
298 286
299 149
227 162
259 152
208 215
236 145
241 226
298 227
240 274
338 145
351 259
299 232
253 162
237 152
313 167
321 165
226 153
233 160
259 226
240 162
275 288
312 150
218 248
247 163
261 186
290 203
255 197
312 142
376 189
207 198
325 142
324 151
240 158
269 222
295 240
286 222
313 161
279 234
279 242
376 170
322 164
268 163
265 203
336 167
247 159
318 226
211 232
259 231
248 146
291 163
254 223
276 194
307 235
306 165
302 223
208 181
296 186
278 228
225 147
329 168
336 153
263 239
318 280
278 223
240 164
370 226
321 168
247 152
277 207
251 234
363 244
301 198
336 271
209 164
233 164
240 161
255 283
217 154
374 207
227 262
329 162
321 160
