337 97
318 193
304 93
259 108
278 95
246 149
261 93
273 154
314 149
275 190
330 90
349 166
316 157
279 106
262 98
313 103
318 102
254 100
263 105
286 152
269 107
303 197
312 93
256 173
274 107
283 125
304 134
280 133
312 88
357 114
244 137
321 88
321 93
269 103
293 148
314 163
305 147
313 99
301 162
302 167
355 101
318 100
284 107
287 136
328 102
274 103
328 148
250 162
286 160
270 92
300 104
282 150
294 131
322 157
309 103
317 146
243 124
306 122
299 151
253 96
323 103
329 95
289 166
330 185
299 148
269 109
357 141
318 104
270 97
296 138
280 161
354 154
311 129
341 176
243 111
264 109
269 106
287 196
247 103
357 127
265 183
323 99
318 98
