305 184
269 331
245 183
169 204
203 187
155 265
178 180
198 272
255 271
203 322
292 174
331 297
257 279
198 203
179 189
267 201
275 197
167 191
176 200
216 272
184 203
244 334
260 182
173 298
191 205
211 235
247 251
207 249
258 173
352 215
151 246
275 171
275 181
184 197
226 268
253 288
243 267
266 194
236 284
236 292
351 194
276 196
214 203
219 254
293 197
191 198
276 269
162 282
215 281
191 181
241 200
211 269
231 243
266 280
259 200
260 267
148 227
251 230
235 273
165 184
285 199
290 182
219 289
292 322
234 269
184 206
350 258
276 201
191 189
233 257
208 282
344 279
259 243
313 311
147 208
176 206
184 201
222 331
156 193
352 237
187 311
284 193
274 192
