382 193
315 414
297 190
164 218
229 194
116 317
181 182
197 319
307 318
207 407
364 178
389 354
310 336
217 216
182 196
318 214
331 209
161 200
177 210
236 320
191 215
279 421
319 190
149 373
205 219
235 254
296 284
224 274
318 178
412 235
108 286
341 175
341 188
191 206
261 313
303 350
290 313
316 203
275 343
275 356
410 204
330 207
244 214
246 286
356 209
205 208
336 317
129 347
234 337
206 183
290 212
229 315
273 274
323 336
305 212
315 313
103 254
304 251
275 322
158 187
344 213
362 190
243 352
344 397
276 315
191 221
410 296
331 215
206 196
272 294
218 339
403 326
315 270
369 377
100 221
177 221
190 213
241 419
140 205
412 265
176 392
344 203
330 200
