288 241
274 176
256 168
380 169
231 262
297 243
278 248
233 161
256 178
306 241
247 178
265 158
276 298
311 175
349 164
266 170
341 246
342 173
324 174
256 173
396 170
318 248
297 260
382 247
389 228
325 217
211 210
247 170
278 248
273 244
258 288
282 258
297 250
343 177
279 165
297 227
221 246
311 223
221 174
342 167
297 249
209 192
320 298
314 258
332 169
298 302
249 166
355 276
259 247
339 288
333 164
327 253
396 190
317 204
214 229
344 171
350 155
243 276
269 218
297 212
265 177
333 176
270 253
282 224
352 168
317 161
284 176
249 158
323 243
333 155
367 158
240 175
352 176
318 248
359 173
370 263
208 173
264 166
277 205
235 169
365 166
394 209
257 174
