312 125
278 224
274 128
220 136
247 128
197 178
230 120
236 194
274 193
233 221
303 120
310 198
274 194
242 138
229 126
285 138
291 136
221 125
225 135
250 194
231 137
263 228
283 128
210 203
236 139
250 160
272 174
246 170
282 122
325 147
194 164
292 120
293 126
231 134
256 189
272 199
268 189
285 135
262 195
263 201
325 133
291 136
254 138
254 175
303 135
237 135
286 192
202 191
250 195
239 122
271 137
246 191
263 170
280 196
280 138
277 190
192 150
276 160
262 194
220 120
297 137
303 126
253 201
290 217
262 190
231 140
321 174
291 139
238 127
263 178
244 198
317 187
280 169
301 208
191 136
225 139
231 137
247 226
212 125
324 160
221 213
297 134
291 133
