296 112
288 88
282 84
324 81
277 117
299 113
293 113
274 79
282 89
301 112
279 89
285 80
293 129
300 87
313 80
285 85
314 111
313 86
307 87
281 87
331 85
306 113
299 117
327 111
330 105
307 103
270 98
279 85
293 114
292 112
287 125
295 116
299 114
314 88
289 84
297 107
274 111
302 106
270 83
313 85
299 114
269 92
308 129
305 116
310 86
300 131
279 82
319 122
288 113
314 126
307 81
309 114
331 91
304 98
272 105
314 86
313 76
282 121
287 104
296 102
285 89
310 88
291 115
292 107
317 85
302 81
291 87
279 78
307 112
306 77
319 77
276 87
317 87
306 113
320 86
323 117
269 86
284 83
289 99
274 82
319 80
331 98
282 87
