206 117
198 151
197 117
176 120
189 118
161 139
181 114
184 140
197 139
181 152
204 115
203 140
197 140
187 121
181 117
200 121
201 121
177 116
179 119
188 139
182 120
194 153
200 117
169 147
184 121
190 129
199 134
188 133
199 116
204 124
159 133
202 115
202 117
182 119
191 138
196 141
195 138
200 120
193 140
193 142
204 120
201 121
190 120
192 135
204 121
185 120
200 139
164 144
188 140
186 115
197 120
187 139
199 131
198 141
199 121
198 138
158 127
200 129
193 139
177 113
203 121
204 117
189 141
200 147
193 138
182 122
205 132
202 121
185 118
197 135
186 141
204 136
201 132
201 143
157 122
179 121
182 120
188 154
173 115
205 127
175 150
203 120
201 120
