262 209
242 145
227 139
317 132
191 240
269 211
252 218
210 127
227 148
276 210
220 147
243 124
247 272
276 144
300 131
235 141
291 221
294 142
282 142
227 143
315 144
281 218
269 227
311 208
314 192
292 182
166 185
219 141
252 217
247 213
225 265
256 226
269 217
294 145
256 132
275 194
178 224
285 190
199 139
294 139
269 219
164 165
286 266
278 227
287 140
270 273
227 133
304 240
234 220
297 254
289 132
285 224
316 160
286 169
170 205
293 142
300 121
207 254
245 183
280 182
235 146
288 144
245 223
259 191
300 140
278 132
254 144
226 123
285 214
288 124
311 123
213 146
300 144
281 219
306 142
308 224
164 144
242 133
251 170
213 135
309 131
315 176
227 144
