284 171
275 122
263 117
340 117
228 188
290 173
274 174
249 106
263 123
295 172
256 122
272 106
269 211
303 123
324 114
269 119
310 176
319 127
308 127
263 120
343 129
300 176
288 181
338 178
341 166
309 154
214 148
257 118
273 173
271 171
254 205
277 180
289 176
319 129
281 113
294 161
220 176
303 159
240 112
320 122
289 175
213 133
301 211
297 181
313 123
286 213
260 110
324 199
258 172
313 206
315 113
304 179
343 141
307 143
216 162
319 126
324 109
240 198
270 150
302 152
269 123
314 129
267 177
281 157
326 124
307 112
284 122
260 104
303 173
315 109
333 112
251 120
325 130
300 176
330 129
332 190
214 119
270 112
278 140
250 111
332 116
342 153
263 121
