253 102
241 153
234 101
215 108
224 104
211 126
217 102
220 136
234 135
221 148
249 98
259 140
235 136
224 108
217 104
241 107
243 106
213 104
217 106
224 136
219 108
233 154
239 101
215 138
221 109
222 121
232 128
221 127
238 98
266 112
210 120
244 97
244 100
219 105
226 134
233 138
230 134
240 104
228 136
229 139
265 104
243 105
224 108
223 129
249 106
222 106
241 134
212 132
224 136
220 102
232 106
222 135
223 125
237 136
238 107
235 134
209 114
234 120
228 136
213 102
246 106
248 101
225 138
248 149
228 135
219 109
264 126
243 107
220 104
227 130
222 137
262 133
237 125
254 145
208 108
217 109
219 107
226 152
210 105
265 119
218 143
246 104
243 103
