174 187
0 250
0 0
0 250
174 187
186 200
189 190
186 200
174 187
195 210
0 250
186 200
189 190
197 204
186 200
195 210
186 200
197 204
197 204
189 190
206 186
189 190
174 187
206 186
206 186
206 202
197 204
197 204
206 210
195 210
206 210
197 204
206 202
206 202
206 186
215 208
206 202
215 208
206 210
0 250
195 210
221 309
0 250
221 309
0 499
221 309
195 210
224 300
224 300
195 210
206 210
227 304
221 309
224 300
236 297
227 304
224 300
236 297
224 300
206 210
236 297
206 210
215 208
227 304
236 297
245 305
245 305
236 297
245 304
221 309
227 304
245 313
245 313
227 304
245 305
245 378
221 309
245 313
221 309
245 378
0 499
250 0
206 186
174 187
250 0
174 187
0 0
250 499
0 499
245 378
245 305
259 311
245 313
259 311
245 305
245 304
259 311
245 378
245 313
263 304
245 378
259 311
236 297
263 304
245 304
263 304
259 311
245 304
206 186
250 0
282 182
215 208
206 186
282 182
215 208
282 182
283 191
215 208
293 203
236 297
293 203
215 208
283 191
263 304
236 297
293 203
282 182
293 203
283 191
293 203
282 182
499 0
499 0
282 182
250 0
499 250
263 304
293 203
293 203
499 0
499 250
245 378
263 304
499 499
245 378
499 499
250 499
263 304
499 250
499 499
