177 192
0 250
0 0
0 250
177 192
189 205
192 195
189 205
177 192
192 195
200 209
189 205
198 214
189 205
200 209
200 209
192 195
209 191
192 195
177 192
209 191
209 191
209 207
200 209
200 209
209 214
198 214
209 214
200 209
209 207
209 207
209 191
218 212
209 207
218 212
209 214
198 214
223 311
189 205
189 205
223 311
0 250
0 250
223 311
0 499
223 311
198 214
226 302
226 302
198 214
209 214
226 302
209 214
218 212
229 306
223 311
226 302
238 300
229 306
226 302
238 300
226 302
218 212
223 311
245 376
0 499
229 306
238 300
246 308
246 308
238 300
246 307
223 311
229 306
246 316
229 306
246 308
246 316
245 376
223 311
246 316
250 0
209 191
177 192
250 0
177 192
0 0
250 499
0 499
245 376
246 308
260 314
246 316
260 314
246 308
246 307
260 314
245 376
246 316
264 307
245 376
260 314
238 300
264 307
246 307
264 307
260 314
246 307
209 191
250 0
282 188
218 212
209 191
282 188
218 212
282 188
283 196
218 212
292 208
238 300
292 208
218 212
283 196
264 307
238 300
292 208
282 188
292 208
283 196
499 0
282 188
250 0
292 208
282 188
499 250
499 250
264 307
292 208
499 250
282 188
499 0
245 376
264 307
499 499
245 376
499 499
250 499
264 307
499 250
499 499
