0 0
167 193
155 210
0 250
0 0
155 210
0 250
158 255
162 276
0 250
162 276
168 298
0 499
177 318
189 337
156 232
0 250
155 210
156 232
183 211
191 216
158 255
0 250
156 232
158 255
191 216
201 218
158 255
221 270
162 276
167 193
0 0
182 186
167 193
183 211
155 210
168 298
177 318
0 250
168 298
221 270
215 308
177 318
0 499
0 250
177 318
215 308
189 337
180 196
183 211
167 193
180 196
195 200
183 211
182 186
180 196
167 193
183 211
156 232
155 210
183 211
195 200
193 210
189 337
225 313
203 354
191 216
158 255
156 232
191 216
202 214
201 218
193 210
191 216
183 211
193 210
195 200
202 211
193 210
202 211
202 214
195 200
180 196
198 190
195 200
198 190
212 196
195 200
210 204
202 211
198 190
180 196
182 186
198 190
250 0
282 194
198 190
282 194
212 196
201 218
221 270
158 255
202 211
212 212
203 213
202 214
191 216
193 210
202 214
202 211
203 213
203 213
201 218
202 214
203 213
212 218
201 218
203 354
0 499
189 337
203 354
221 369
250 499
210 204
195 200
212 196
210 204
226 206
212 212
212 196
268 203
226 206
212 212
202 211
210 204
212 212
221 216
212 218
212 218
203 213
212 212
212 218
227 254
201 218
215 308
177 318
168 298
221 270
168 298
162 276
221 270
201 218
227 254
221 270
228 305
215 308
221 369
246 373
250 499
221 369
248 319
246 373
225 313
189 337
215 308
225 313
228 305
231 309
225 313
232 310
235 317
226 206
210 204
212 196
226 206
221 216
212 212
226 206
235 214
221 216
227 254
212 218
221 216
227 254
221 216
235 214
227 254
234 279
221 270
228 305
221 270
234 279
228 305
225 313
215 308
228 305
239 303
231 309
231 309
239 303
232 310
232 310
225 313
231 309
234 279
227 254
249 272
234 279
249 272
249 285
235 214
226 206
268 203
235 214
268 203
263 213
235 214
271 254
227 254
235 317
203 354
225 313
235 317
221 369
203 354
235 317
239 303
248 311
239 303
228 305
234 279
239 303
235 317
232 310
246 373
271 369
250 499
247 305
249 285
255 303
248 309
239 303
247 305
248 311
239 303
248 309
248 311
248 319
235 317
248 311
255 303
261 317
248 311
261 317
248 319
248 319
221 369
235 317
249 272
271 254
265 279
249 285
239 303
234 279
249 285
247 305
239 303
250 0
182 186
0 0
250 0
198 190
182 186
250 499
0 499
203 354
250 499
271 369
290 356
255 303
248 309
247 305
255 303
248 311
248 309
255 303
268 304
264 308
261 317
271 369
248 319
263 213
274 217
271 254
264 308
261 317
255 303
264 308
265 309
261 317
265 279
249 285
249 272
265 279
255 303
249 285
265 279
271 254
278 269
265 279
282 307
268 304
265 309
268 304
272 313
265 309
272 313
261 317
268 203
212 196
282 194
268 203
274 217
263 213
268 203
284 202
282 211
268 304
255 303
265 279
268 304
265 309
264 308
271 254
235 214
263 213
271 254
249 272
227 254
271 254
283 218
292 219
271 369
246 373
248 319
271 369
261 317
290 356
272 313
268 304
282 307
272 313
290 356
261 317
274 217
268 203
282 211
274 217
283 218
271 254
278 269
282 307
265 279
278 269
343 258
337 280
282 194
284 202
268 203
282 194
298 189
299 200
282 211
283 218
274 217
282 211
284 202
291 211
282 307
278 269
330 301
282 307
319 321
306 339
283 218
292 214
292 215
283 218
292 215
292 219
284 202
282 194
299 200
284 202
299 200
291 211
290 356
272 313
306 339
290 356
499 499
250 499
291 211
283 218
282 211
292 214
283 218
291 211
292 214
301 211
292 215
292 215
301 211
302 217
292 219
278 269
271 254
292 219
292 215
302 217
298 189
282 194
250 0
298 189
315 189
314 198
299 200
314 198
301 211
301 211
291 211
299 200
301 211
292 214
291 211
301 211
314 198
311 213
302 217
278 269
292 219
302 217
346 236
343 258
306 339
272 313
282 307
311 213
302 217
301 211
311 213
348 213
346 236
314 198
299 200
298 189
315 189
250 0
499 0
315 189
298 189
250 0
315 189
328 197
314 198
319 321
282 307
330 301
319 321
499 499
306 339
328 197
311 213
314 198
330 301
278 269
337 280
330 301
337 280
499 250
337 280
343 258
499 250
343 258
278 269
302 217
346 236
302 217
311 213
346 236
499 250
343 258
348 213
311 213
328 197
348 213
499 0
499 250
499 0
328 197
315 189
499 0
348 213
328 197
499 250
346 236
348 213
499 499
290 356
306 339
499 499
319 321
330 301
499 499
330 301
499 250
