0 250
0 0
170 197
0 250
165 277
171 298
0 499
179 318
191 336
159 213
0 250
170 197
159 235
0 250
159 213
159 235
186 215
194 220
161 257
0 250
159 235
161 257
194 220
204 222
161 257
222 274
165 277
161 257
228 258
222 274
165 277
0 250
161 257
170 197
0 0
250 0
170 197
186 215
159 213
171 298
179 318
0 250
171 298
222 274
217 310
179 318
0 499
0 250
179 318
217 310
191 336
183 201
186 215
170 197
183 201
198 205
186 215
185 191
170 197
250 0
185 191
183 201
170 197
186 215
159 235
159 213
186 215
198 205
196 215
191 336
227 315
205 353
194 220
161 257
159 235
196 215
194 220
186 215
196 215
198 205
205 216
196 215
204 222
194 220
196 215
205 216
205 218
198 205
183 201
201 195
198 205
201 195
215 201
198 205
213 209
205 216
201 195
183 201
185 191
201 195
250 0
282 200
201 195
282 200
215 201
204 222
196 215
205 218
205 216
206 218
205 218
205 353
0 499
191 336
205 353
222 367
250 499
206 218
204 222
205 218
206 218
205 216
215 217
213 209
198 205
215 201
213 209
229 211
215 217
215 201
269 208
229 211
215 217
205 216
213 209
215 217
215 222
206 218
215 217
224 220
215 222
215 222
204 222
206 218
215 222
228 258
204 222
217 310
179 318
171 298
217 310
235 283
230 307
222 274
171 298
165 277
222 367
246 371
250 499
227 315
191 336
217 310
227 315
230 307
233 311
227 315
234 312
237 320
228 258
161 257
204 222
228 258
215 222
224 220
228 258
224 220
236 217
228 258
235 283
222 274
229 211
213 209
215 201
229 211
224 220
215 217
229 211
236 217
224 220
230 307
227 315
217 310
230 307
241 306
233 311
233 311
241 306
234 312
234 312
227 315
233 311
234 312
249 314
237 320
235 283
217 310
222 274
235 283
228 258
251 277
235 283
251 289
241 306
236 217
229 211
269 208
236 217
269 208
264 216
236 217
273 258
228 258
237 320
205 353
227 315
237 320
222 367
205 353
237 320
246 371
222 367
241 306
230 307
235 283
246 371
237 320
249 322
246 371
270 367
250 499
248 308
251 289
256 306
249 312
241 306
248 308
249 314
234 312
241 306
249 314
241 306
249 312
249 314
249 322
237 320
249 314
256 306
262 320
249 314
262 320
249 322
250 0
201 195
185 191
250 0
298 195
282 200
250 499
0 499
205 353
250 499
288 354
499 499
251 277
273 258
267 283
251 289
235 283
251 277
251 289
248 308
241 306
256 306
249 312
248 308
256 306
249 314
249 312
256 306
269 307
265 310
262 320
265 310
266 312
262 320
270 367
249 322
265 310
262 320
256 306
266 312
265 310
269 307
266 312
273 315
262 320
267 283
251 289
251 277
267 283
256 306
251 289
267 283
273 258
280 273
267 283
282 309
269 307
269 208
215 201
282 200
269 208
274 222
264 216
269 208
284 207
282 217
269 307
256 306
267 283
269 307
273 315
266 312
270 367
246 371
249 322
270 367
262 320
288 354
273 258
236 217
264 216
273 258
251 277
228 258
273 258
264 216
274 222
273 258
283 223
292 224
273 315
269 307
282 309
273 315
288 354
262 320
274 222
269 208
282 217
274 222
283 223
273 258
280 273
282 309
267 283
280 273
325 302
282 309
280 273
338 261
332 282
282 200
284 207
269 208
282 217
283 223
274 222
282 217
284 207
291 217
282 217
291 217
291 219
282 309
315 321
303 338
283 223
291 219
292 224
284 207
282 200
299 205
284 207
299 205
291 217
288 354
250 499
270 367
288 354
273 315
303 338
291 217
292 220
291 219
291 217
300 217
292 220
291 219
283 223
282 217
292 224
291 219
292 220
292 224
292 220
301 222
298 195
250 0
314 194
298 195
314 194
313 203
299 205
282 200
298 195
299 205
310 218
300 217
299 205
313 203
310 218
300 217
291 217
299 205
300 217
310 218
301 222
301 222
273 258
292 224
301 222
280 273
273 258
301 222
292 220
300 217
301 222
341 240
338 261
303 338
273 315
282 309
310 218
343 218
341 240
313 203
299 205
298 195
314 194
250 0
499 0
314 194
326 202
313 203
315 321
282 309
325 302
315 321
499 499
303 338
325 302
280 273
332 282
325 302
332 282
499 250
326 202
310 218
313 203
332 282
338 261
499 250
338 261
280 273
301 222
341 240
301 222
310 218
341 240
499 250
338 261
343 218
310 218
326 202
343 218
499 0
499 250
499 0
326 202
314 194
499 0
343 218
326 202
499 250
341 240
343 218
499 499
288 354
303 338
499 499
315 321
325 302
499 499
325 302
499 250
