0 250
0 0
174 202
0 250
169 279
174 299
0 499
182 318
194 336
163 217
0 250
174 202
163 238
0 250
163 217
163 238
190 219
198 224
165 259
0 250
163 238
165 259
198 224
208 227
165 259
224 278
169 279
165 259
230 262
224 278
169 279
0 250
165 259
174 202
0 0
250 0
174 202
190 219
163 217
174 299
182 318
0 250
174 299
220 312
182 318
182 318
0 499
0 250
182 318
220 312
194 336
187 206
190 219
174 202
187 206
202 210
190 219
189 196
174 202
250 0
189 196
187 206
174 202
190 219
163 238
163 217
190 219
202 210
200 220
194 336
229 318
207 352
198 224
165 259
163 238
200 220
198 224
190 219
200 220
202 210
209 221
200 220
208 227
198 224
200 220
209 221
209 223
202 210
187 206
205 200
202 210
205 200
219 207
202 210
216 214
209 221
205 200
187 206
189 196
205 200
250 0
283 206
207 352
0 499
194 336
207 352
224 365
250 499
208 227
200 220
209 223
209 223
218 222
218 227
216 214
202 210
219 207
216 214
232 217
218 222
218 222
209 221
216 214
218 222
209 223
209 221
218 222
227 225
218 227
218 227
208 227
209 223
218 227
230 262
208 227
219 207
283 206
270 214
220 312
174 299
224 278
220 312
237 288
232 310
224 278
174 299
169 279
224 365
247 369
250 499
227 225
232 217
238 220
229 318
194 336
220 312
229 318
232 310
235 314
229 318
236 315
239 323
230 262
165 259
208 227
230 262
218 227
227 225
230 262
237 288
224 278
230 262
238 220
274 227
230 262
274 227
275 262
232 217
216 214
219 207
232 217
227 225
218 222
232 217
270 214
238 220
232 310
229 318
220 312
232 310
243 309
235 314
235 314
243 309
236 315
236 315
229 318
235 314
236 315
251 317
239 323
237 288
220 312
224 278
237 288
230 262
253 282
237 288
253 294
243 309
238 220
230 262
227 225
238 220
270 214
266 219
239 323
207 352
229 318
239 323
224 365
207 352
239 323
247 369
224 365
243 309
232 310
237 288
247 369
239 323
251 325
247 369
269 365
250 499
250 0
205 200
189 196
250 0
298 201
283 206
250 311
253 294
257 309
250 499
0 499
207 352
250 499
286 353
499 499
251 315
243 309
250 311
251 317
236 315
243 309
251 317
243 309
251 315
251 317
251 325
239 323
251 317
257 309
266 313
251 317
264 323
251 325
253 282
275 262
269 287
253 294
237 288
253 282
253 294
250 311
243 309
257 309
251 315
250 311
257 309
251 317
251 315
257 309
270 310
266 313
264 323
266 313
267 315
264 323
269 365
251 325
264 323
286 353
269 365
266 313
264 323
251 317
267 315
266 313
270 310
267 315
274 318
264 323
269 287
253 294
253 282
269 287
275 262
282 277
269 287
283 311
270 310
269 365
247 369
251 325
270 214
232 217
219 207
270 214
274 227
266 219
270 214
285 213
282 223
270 310
253 294
269 287
270 310
257 309
253 294
270 310
274 318
267 315
274 227
238 220
266 219
274 227
270 214
282 223
274 318
270 310
283 311
274 318
283 311
300 337
274 318
286 353
264 323
275 262
253 282
230 262
275 262
274 227
283 228
275 262
283 228
292 229
275 262
334 264
282 277
282 223
283 228
274 227
282 223
291 223
291 225
282 277
283 311
269 287
282 277
321 303
283 311
282 277
334 264
328 284
283 206
219 207
205 200
283 206
285 213
270 214
283 228
282 223
291 225
283 311
311 321
300 337
285 213
283 206
299 211
285 213
299 211
291 223
286 353
250 499
269 365
286 353
274 318
300 337
291 223
282 223
285 213
291 223
300 223
292 225
291 225
291 223
292 225
291 225
292 229
283 228
292 229
291 225
292 225
292 229
292 225
301 227
298 201
250 0
313 200
298 201
313 200
313 209
299 211
283 206
298 201
299 211
309 223
300 223
299 211
313 209
309 223
300 223
291 223
299 211
300 223
309 223
301 227
301 227
275 262
292 229
301 227
292 225
300 223
301 227
334 264
275 262
301 227
337 244
334 264
311 321
283 311
321 303
311 321
499 499
300 337
313 200
250 0
499 0
313 200
325 207
313 209
313 209
299 211
298 201
321 303
282 277
328 284
321 303
328 284
499 250
325 207
309 223
313 209
325 207
339 223
309 223
328 284
334 264
499 250
337 244
301 227
309 223
337 244
309 223
339 223
337 244
499 250
334 264
339 223
499 0
499 250
499 0
325 207
313 200
499 0
339 223
325 207
499 250
337 244
339 223
499 499
286 353
300 337
499 499
311 321
321 303
499 499
321 303
499 250
