0 0
158 180
145 200
0 250
0 0
145 200
0 250
153 273
160 297
0 499
170 319
183 340
146 225
0 250
145 200
146 225
174 199
182 204
149 249
0 250
146 225
149 249
182 204
192 206
149 249
218 259
153 273
153 273
0 250
149 249
153 273
208 303
160 297
158 180
0 0
172 173
158 180
174 199
145 200
160 297
170 319
0 250
170 319
0 499
0 250
170 319
208 303
183 340
171 183
174 199
158 180
171 183
183 196
174 199
171 183
186 186
183 196
172 173
171 183
158 180
172 173
250 0
188 175
174 199
146 225
145 200
182 204
149 249
146 225
182 204
183 196
193 201
182 204
193 201
192 206
183 196
182 204
174 199
183 196
186 186
193 196
183 196
193 196
193 201
183 340
198 359
0 499
183 340
219 307
198 359
186 186
171 183
188 175
186 186
203 181
201 189
188 175
171 183
172 173
192 206
218 259
149 249
192 206
224 243
218 259
193 196
186 186
201 189
193 196
204 198
194 200
193 201
193 196
194 200
193 201
203 206
192 206
194 200
203 206
193 201
201 189
217 191
204 198
203 181
186 186
188 175
203 181
282 177
266 187
203 206
194 200
204 198
204 198
193 196
201 189
204 198
213 204
203 206
208 303
153 273
218 259
208 303
170 319
160 297
217 191
201 189
203 181
217 191
213 204
204 198
217 191
232 205
213 204
217 191
266 187
232 205
218 259
222 298
208 303
218 375
244 310
245 381
218 375
245 381
250 499
219 307
183 340
208 303
219 307
222 298
226 303
219 307
226 303
231 309
222 298
218 259
230 267
222 298
219 307
208 303
222 298
235 295
226 302
224 243
192 206
203 206
224 243
203 206
213 204
224 243
213 204
232 205
224 243
230 267
218 259
224 243
266 243
243 258
226 302
231 309
226 303
226 302
235 295
231 309
226 303
222 298
226 302
230 267
224 243
243 258
231 309
198 359
219 307
231 309
218 375
198 359
232 205
266 243
224 243
235 295
222 298
230 267
235 295
244 302
231 309
243 258
245 272
230 267
243 258
266 243
260 267
244 297
245 272
252 295
244 302
235 295
244 297
244 302
244 310
231 309
244 302
252 295
258 308
244 310
218 375
231 309
245 272
235 295
230 267
245 272
243 258
260 267
245 272
244 297
235 295
245 381
274 376
250 499
250 0
172 173
0 0
250 0
203 181
188 175
250 499
0 499
198 359
250 499
198 359
218 375
250 499
274 376
296 361
250 499
296 361
499 499
252 295
244 302
244 297
252 295
262 302
258 308
252 295
267 297
263 301
258 308
244 310
244 302
258 308
274 376
244 310
260 205
266 187
274 203
260 267
252 295
245 272
260 267
273 258
267 297
262 302
270 306
258 308
263 301
262 302
252 295
266 187
217 191
203 181
266 187
260 205
232 205
266 187
283 186
282 195
266 243
232 205
260 205
266 243
260 205
274 203
266 243
284 204
294 205
267 297
252 295
260 267
267 297
273 258
282 301
270 306
262 302
263 301
270 306
263 301
267 297
270 306
267 297
282 301
270 306
296 361
258 308
270 306
315 343
296 361
273 258
260 267
266 243
273 258
305 203
357 250
273 258
357 250
352 275
274 203
266 187
282 195
274 203
284 204
266 243
274 376
245 381
244 310
274 376
258 308
296 361
282 177
203 181
250 0
282 177
283 186
266 187
282 177
299 173
300 184
282 195
283 186
293 193
282 195
284 204
274 203
282 301
331 322
315 343
282 301
352 275
344 300
283 186
282 177
300 184
283 186
300 184
293 193
284 204
294 198
294 200
284 204
294 200
294 205
294 198
282 195
293 193
294 198
284 204
282 195
294 198
304 194
305 203
294 200
294 198
305 203
294 205
273 258
266 243
294 205
294 200
305 203
299 173
282 177
250 0
299 173
318 173
317 183
300 184
317 183
304 194
304 194
293 193
300 184
304 194
294 198
293 193
304 194
317 183
315 198
305 203
273 258
294 205
315 198
305 203
304 194
315 198
357 250
305 203
315 198
362 198
361 224
315 343
270 306
282 301
315 343
499 499
296 361
317 183
300 184
299 173
318 173
250 0
499 0
318 173
299 173
250 0
318 173
333 184
317 183
331 322
282 301
344 300
333 184
315 198
317 183
333 184
499 0
362 198
344 300
352 275
499 250
352 275
282 301
273 258
352 275
357 250
499 250
357 250
315 198
361 224
361 224
499 250
357 250
362 198
315 198
333 184
362 198
499 0
499 250
499 0
333 184
318 173
499 250
361 224
362 198
499 499
315 343
331 322
499 499
331 322
344 300
499 499
344 300
499 250
