183 201
0 250
0 0
0 250
183 201
196 215
198 205
196 215
183 201
206 218
196 215
198 205
196 215
206 218
204 222
198 205
183 201
215 201
215 201
206 218
198 205
215 201
215 217
206 218
206 218
215 222
204 222
215 222
206 218
215 217
215 201
224 220
215 217
215 222
215 217
224 220
204 222
227 315
196 215
196 215
227 315
0 250
0 250
227 315
0 499
227 315
204 222
230 307
230 307
204 222
215 222
224 220
230 307
215 222
233 311
227 315
230 307
241 306
233 311
230 307
241 306
230 307
224 220
227 315
246 371
0 499
233 311
241 306
249 314
249 314
241 306
249 312
227 315
233 311
249 322
233 311
249 314
249 322
246 371
227 315
249 322
250 0
215 201
183 201
250 0
183 201
0 0
250 499
0 499
246 371
249 314
262 320
249 322
262 320
249 314
249 312
262 320
246 371
249 322
241 306
266 312
249 312
266 312
262 320
249 312
224 220
215 201
282 200
215 201
250 0
282 200
224 220
282 200
284 207
224 220
291 219
241 306
291 219
224 220
284 207
282 200
291 219
284 207
266 312
241 306
291 219
499 0
282 200
250 0
291 219
282 200
499 250
499 250
266 312
291 219
499 250
282 200
499 0
266 312
499 499
262 320
499 499
266 312
499 250
499 499
246 371
262 320
246 371
499 499
250 499
