171 183
0 250
0 0
0 250
171 183
183 196
186 186
183 196
171 183
192 206
0 250
183 196
186 186
194 200
183 196
192 206
183 196
194 200
194 200
186 186
203 181
203 181
186 186
171 183
194 200
203 206
192 206
203 181
204 198
194 200
203 206
194 200
204 198
204 198
203 181
213 204
204 198
213 204
203 206
192 206
219 307
0 250
0 250
219 307
0 499
219 307
192 206
222 298
222 298
192 206
203 206
222 298
203 206
213 204
226 302
219 307
222 298
235 295
226 302
222 298
235 295
222 298
213 204
226 302
235 295
244 302
219 307
226 302
244 310
244 310
226 302
244 302
245 381
219 307
244 310
219 307
245 381
0 499
203 181
171 183
250 0
250 0
171 183
0 0
250 499
0 499
245 381
244 302
258 308
244 310
258 308
245 381
244 310
262 302
245 381
258 308
258 308
244 302
262 302
235 295
262 302
244 302
213 204
203 181
282 177
282 177
203 181
250 0
213 204
282 177
283 186
213 204
294 198
235 295
294 198
213 204
283 186
282 177
294 198
283 186
262 302
235 295
294 198
294 198
282 177
499 0
499 0
282 177
250 0
245 381
262 302
499 250
499 250
262 302
294 198
294 198
499 0
499 250
245 381
499 499
250 499
499 499
245 381
499 250
